1.00 0.97 0.97 0.84 0.85 0.83 0.85 0.83 0.92 0.88 0.88 1.20 0.88 0.90 0.90 0.90 1.14 0.83 0.91 0.94 0.90 1.14 0.88 0.90 0.85 0.83 0.93 0.85 0.85 0.83 0.83 0.93 0.90 0.93 0.85 0.83 0.85 0.90 0.83 0.83 0.96 0.85 0.83 0.83 
0.97 1.00 1.00 0.86 0.89 0.80 0.81 0.80 0.96 0.86 0.86 0.80 0.81 0.95 0.88 0.88 1.19 0.80 0.83 0.89 0.83 0.81 0.84 0.86 0.81 0.80 0.92 0.81 0.81 0.80 0.80 0.92 0.88 0.98 0.84 0.80 0.81 0.96 1.27 0.80 1.00 0.81 0.80 0.80 
0.97 1.00 1.00 0.86 0.87 1.27 0.84 1.27 0.96 0.83 0.83 1.27 0.84 0.91 0.83 0.83 1.19 0.80 0.88 0.86 0.86 1.19 0.84 0.86 0.84 0.80 0.86 0.81 0.81 0.80 0.80 0.89 0.86 0.96 0.81 0.80 0.81 0.94 0.80 1.27 1.00 0.81 0.80 0.80 
0.84 0.86 0.86 1.00 1.02 2.22 1.75 2.22 0.89 0.56 0.56 2.22 0.65 0.90 0.71 0.71 0.65 0.58 0.71 0.71 0.65 1.75 0.57 0.65 0.65 2.22 1.36 0.65 0.65 2.22 2.22 0.65 0.65 0.85 0.65 0.58 0.57 0.88 0.58 0.58 0.86 0.57 2.22 0.58 
0.85 0.89 0.87 1.02 1.00 1.86 1.56 1.86 0.92 0.62 0.62 1.86 0.69 0.93 0.74 0.74 0.69 0.62 0.70 0.76 0.70 0.69 0.63 0.70 0.69 1.86 1.28 0.69 0.69 1.86 1.86 0.70 0.70 0.89 0.69 0.62 0.63 0.91 0.62 0.62 0.89 0.63 1.86 0.62 
0.83 0.80 1.27 2.22 1.86 1.00 1.03 1.00 1.36 0.94 0.94 1.00 0.97 0.71 0.94 0.94 0.97 1.00 0.94 0.90 0.94 0.97 0.97 0.94 0.97 1.00 0.90 0.97 0.97 1.00 1.00 0.90 0.94 0.76 0.97 1.00 0.97 0.76 1.00 1.00 0.80 0.97 1.00 1.00 
0.85 0.81 0.84 1.75 1.56 1.03 1.00 1.03 0.81 0.97 0.97 0.97 1.00 0.77 0.97 0.97 1.00 0.97 0.97 0.93 0.97 1.00 1.00 0.97 1.00 1.03 0.94 1.00 1.00 0.97 1.03 0.93 0.97 0.77 1.00 0.97 1.00 0.81 0.97 0.97 0.84 1.00 0.97 0.97 
0.83 0.80 1.27 2.22 1.86 1.00 1.03 1.00 1.36 0.94 0.94 1.00 0.97 0.71 0.94 0.94 0.97 1.00 0.94 0.90 0.94 0.97 0.97 0.94 0.97 1.00 0.90 0.97 0.97 1.00 1.00 0.90 0.94 0.76 0.97 1.00 0.97 0.76 1.00 1.00 0.80 0.97 1.00 1.00 
0.92 0.96 0.96 0.89 0.92 1.36 0.81 1.36 1.00 0.82 0.82 0.76 0.81 0.95 0.79 0.79 0.81 0.76 0.79 0.84 0.79 0.77 0.81 0.79 0.77 0.76 0.84 0.77 0.77 1.36 0.76 0.87 0.85 1.00 0.81 0.76 0.77 1.00 0.76 0.76 0.94 0.81 1.36 0.76 
0.88 0.86 0.83 0.56 0.62 0.94 0.97 0.94 0.82 1.00 1.00 0.94 0.97 0.78 1.00 1.00 0.97 0.94 1.00 0.96 1.00 0.97 0.97 1.00 0.97 0.94 0.96 0.97 0.97 0.94 0.94 0.97 1.00 0.82 0.97 0.94 0.97 0.79 1.06 0.94 0.86 1.03 0.94 0.94 
0.88 0.86 0.83 0.56 0.62 0.94 0.97 0.94 0.82 1.00 1.00 0.94 0.97 0.78 1.00 1.00 0.97 0.94 1.00 0.96 1.00 0.97 0.97 1.00 0.97 0.94 0.96 0.97 0.97 0.94 0.94 0.97 1.00 0.82 0.97 0.94 0.97 0.79 1.06 0.94 0.86 1.03 0.94 0.94 
1.20 0.80 1.27 2.22 1.86 1.00 0.97 1.00 0.76 0.94 0.94 1.00 1.03 0.71 0.94 0.94 0.97 1.00 1.06 0.90 1.06 1.03 0.97 0.94 0.97 1.00 0.90 0.97 0.97 1.00 1.00 0.90 0.94 0.76 0.97 1.00 0.97 0.76 1.00 1.00 0.80 0.97 1.00 1.00 
0.88 0.81 0.84 0.65 0.69 0.97 1.00 0.97 0.81 0.97 0.97 1.03 1.00 0.72 0.97 0.97 1.00 0.97 0.97 0.93 0.97 1.00 1.00 0.97 1.00 0.97 0.93 1.00 1.00 0.97 0.97 0.93 0.97 0.77 1.00 0.97 1.00 0.77 0.97 0.97 0.81 1.00 0.97 0.97 
0.90 0.95 0.91 0.90 0.93 0.71 0.77 0.71 0.95 0.78 0.78 0.71 0.72 1.00 1.23 1.23 1.33 1.47 0.74 0.83 0.78 0.72 1.33 1.23 0.77 1.47 1.17 0.77 0.77 0.71 1.47 0.86 0.82 1.02 0.77 1.47 0.77 0.97 1.47 0.71 0.94 0.72 0.71 0.71 
0.90 0.88 0.83 0.71 0.74 0.94 0.97 0.94 0.79 1.00 1.00 0.94 0.97 1.23 1.00 1.00 0.97 1.06 1.00 0.97 1.00 0.97 0.97 1.00 0.97 0.94 0.97 0.97 0.97 0.94 0.94 0.97 1.00 1.18 0.97 1.06 0.97 0.85 0.94 0.94 0.88 0.97 0.94 0.94 
0.90 0.88 0.83 0.71 0.74 0.94 0.97 0.94 0.79 1.00 1.00 0.94 0.97 1.23 1.00 1.00 0.97 1.06 1.00 0.97 1.00 0.97 0.97 1.00 0.97 0.94 0.97 0.97 0.97 0.94 0.94 0.97 1.00 1.18 0.97 1.06 0.97 0.85 0.94 0.94 0.88 0.97 0.94 0.94 
1.14 1.19 1.19 0.65 0.69 0.97 1.00 0.97 0.81 0.97 0.97 0.97 1.00 1.33 0.97 0.97 1.00 0.97 0.97 0.93 0.97 1.00 1.00 0.97 1.00 0.97 0.93 1.00 1.00 0.97 0.97 0.94 0.97 1.25 1.00 0.97 1.00 0.77 0.97 0.97 0.84 1.00 0.97 0.97 
0.83 0.80 0.80 0.58 0.62 1.00 0.97 1.00 0.76 0.94 0.94 1.00 0.97 1.47 1.06 1.06 0.97 1.00 0.94 1.10 1.06 0.97 0.97 1.06 0.97 1.00 0.90 0.97 0.97 1.00 1.00 1.10 1.06 1.36 1.03 1.00 1.03 0.76 1.00 1.00 0.80 0.97 1.00 1.00 
0.91 0.83 0.88 0.71 0.70 0.94 0.97 0.94 0.79 1.00 1.00 1.06 0.97 0.74 1.00 1.00 0.97 0.94 1.00 0.97 1.00 1.03 0.97 1.00 0.97 0.94 0.96 0.97 0.97 0.94 0.94 0.96 1.00 0.79 0.97 0.94 0.97 0.79 0.94 0.94 0.83 0.97 0.94 0.94 
0.94 0.89 0.86 0.71 0.76 0.90 0.93 0.90 0.84 0.96 0.96 0.90 0.93 0.83 0.97 0.97 0.93 1.10 0.97 1.00 0.97 0.93 0.93 0.97 0.93 0.90 1.00 0.93 0.93 0.90 0.90 1.00 0.97 0.87 0.94 1.10 1.06 0.84 0.90 0.90 0.89 0.93 0.90 0.90 
0.90 0.83 0.86 0.65 0.70 0.94 0.97 0.94 0.79 1.00 1.00 1.06 0.97 0.78 1.00 1.00 0.97 1.06 1.00 0.97 1.00 0.97 0.97 1.00 0.97 0.94 0.96 0.97 0.97 0.94 0.94 0.97 1.00 0.82 0.97 1.06 1.03 0.79 0.94 0.94 0.83 0.97 0.94 0.94 
1.14 0.81 1.19 1.75 0.69 0.97 1.00 0.97 0.77 0.97 0.97 1.03 1.00 0.72 0.97 0.97 1.00 0.97 1.03 0.93 0.97 1.00 1.00 0.97 1.00 0.97 0.93 1.00 1.00 0.97 0.97 0.93 0.97 0.77 1.00 0.97 1.00 0.77 0.97 0.97 0.81 1.00 0.97 0.97 
0.88 0.84 0.84 0.57 0.63 0.97 1.00 0.97 0.81 0.97 0.97 0.97 1.00 1.33 0.97 0.97 1.00 0.97 0.97 0.93 0.97 1.00 1.00 0.97 1.00 0.97 0.93 1.00 1.00 0.97 0.97 0.94 0.97 1.25 1.00 0.97 1.00 0.77 0.97 0.97 0.81 1.00 0.97 0.97 
0.90 0.86 0.86 0.65 0.70 0.94 0.97 0.94 0.79 1.00 1.00 0.94 0.97 1.23 1.00 1.00 0.97 1.06 1.00 0.97 1.00 0.97 0.97 1.00 0.97 0.94 0.96 0.97 0.97 0.94 0.94 0.97 1.00 1.18 0.97 1.06 0.97 0.79 0.94 0.94 0.86 0.97 0.94 0.94 
0.85 0.81 0.84 0.65 0.69 0.97 1.00 0.97 0.77 0.97 0.97 0.97 1.00 0.77 0.97 0.97 1.00 0.97 0.97 0.93 0.97 1.00 1.00 0.97 1.00 1.03 0.94 1.00 1.00 0.97 1.03 0.93 0.97 0.77 1.00 0.97 1.00 1.25 0.97 1.03 1.19 1.00 0.97 0.97 
0.83 0.80 0.80 2.22 1.86 1.00 1.03 1.00 0.76 0.94 0.94 1.00 0.97 1.47 0.94 0.94 0.97 1.00 0.94 0.90 0.94 0.97 0.97 0.94 1.03 1.00 1.10 1.03 1.03 1.00 1.00 0.90 0.94 0.76 0.97 1.00 0.97 1.36 1.00 1.00 1.27 0.97 1.00 1.00 
0.93 0.92 0.86 1.36 1.28 0.90 0.94 0.90 0.84 0.96 0.96 0.90 0.93 1.17 0.97 0.97 0.93 0.90 0.96 1.00 0.96 0.93 0.93 0.96 0.94 1.10 1.00 0.94 0.94 0.90 1.10 1.00 0.96 0.89 0.93 0.90 0.93 1.12 0.90 0.90 0.92 0.93 0.90 0.90 
0.85 0.81 0.81 0.65 0.69 0.97 1.00 0.97 0.77 0.97 0.97 0.97 1.00 0.77 0.97 0.97 1.00 0.97 0.97 0.93 0.97 1.00 1.00 0.97 1.00 1.03 0.94 1.00 1.00 0.97 1.03 0.93 0.97 0.77 1.00 0.97 1.00 1.25 0.97 0.97 0.84 1.00 0.97 0.97 
0.85 0.81 0.81 0.65 0.69 0.97 1.00 0.97 0.77 0.97 0.97 0.97 1.00 0.77 0.97 0.97 1.00 0.97 0.97 0.93 0.97 1.00 1.00 0.97 1.00 1.03 0.94 1.00 1.00 0.97 1.03 0.93 0.97 0.77 1.00 0.97 1.00 1.25 0.97 0.97 0.84 1.00 0.97 0.97 
0.83 0.80 0.80 2.22 1.86 1.00 0.97 1.00 1.36 0.94 0.94 1.00 0.97 0.71 0.94 0.94 0.97 1.00 0.94 0.90 0.94 0.97 0.97 0.94 0.97 1.00 0.90 0.97 0.97 1.00 1.00 0.90 0.94 0.76 0.97 1.00 0.97 1.36 1.00 1.00 1.27 0.97 1.00 1.00 
0.83 0.80 0.80 2.22 1.86 1.00 1.03 1.00 0.76 0.94 0.94 1.00 0.97 1.47 0.94 0.94 0.97 1.00 0.94 0.90 0.94 0.97 0.97 0.94 1.03 1.00 1.10 1.03 1.03 1.00 1.00 0.90 0.94 0.76 0.97 1.00 0.97 1.36 1.00 1.00 1.27 0.97 1.00 1.00 
0.93 0.92 0.89 0.65 0.70 0.90 0.93 0.90 0.87 0.97 0.97 0.90 0.93 0.86 0.97 0.97 0.94 1.10 0.96 1.00 0.97 0.93 0.94 0.97 0.93 0.90 1.00 0.93 0.93 0.90 0.90 1.00 1.03 0.89 1.06 1.10 0.94 0.81 1.10 0.90 0.86 0.93 0.90 0.90 
0.90 0.88 0.86 0.65 0.70 0.94 0.97 0.94 0.85 1.00 1.00 0.94 0.97 0.82 1.00 1.00 0.97 1.06 1.00 0.97 1.00 0.97 0.97 1.00 0.97 0.94 0.96 0.97 0.97 0.94 0.94 1.03 1.00 0.85 1.03 1.06 0.97 0.79 0.94 0.94 0.83 0.97 0.94 0.94 
0.93 0.98 0.96 0.85 0.89 0.76 0.77 0.76 1.00 0.82 0.82 0.76 0.77 1.02 1.18 1.18 1.25 1.36 0.79 0.87 0.82 0.77 1.25 1.18 0.77 0.76 0.89 0.77 0.77 0.76 0.76 0.89 0.85 1.00 0.81 1.36 0.81 1.00 1.36 0.76 0.96 0.77 0.76 0.76 
0.85 0.84 0.81 0.65 0.69 0.97 1.00 0.97 0.81 0.97 0.97 0.97 1.00 0.77 0.97 0.97 1.00 1.03 0.97 0.94 0.97 1.00 1.00 0.97 1.00 0.97 0.93 1.00 1.00 0.97 0.97 1.06 1.03 0.81 1.00 1.03 1.00 0.77 0.97 0.97 0.81 1.00 0.97 0.97 
0.83 0.80 0.80 0.58 0.62 1.00 0.97 1.00 0.76 0.94 0.94 1.00 0.97 1.47 1.06 1.06 0.97 1.00 0.94 1.10 1.06 0.97 0.97 1.06 0.97 1.00 0.90 0.97 0.97 1.00 1.00 1.10 1.06 1.36 1.03 1.00 1.03 0.76 1.00 1.00 0.80 0.97 1.00 1.00 
0.85 0.81 0.81 0.57 0.63 0.97 1.00 0.97 0.77 0.97 0.97 0.97 1.00 0.77 0.97 0.97 1.00 1.03 0.97 1.06 1.03 1.00 1.00 0.97 1.00 0.97 0.93 1.00 1.00 0.97 0.97 0.94 0.97 0.81 1.00 1.03 1.00 0.77 0.97 0.97 0.81 1.00 0.97 0.97 
0.90 0.96 0.94 0.88 0.91 0.76 0.81 0.76 1.00 0.79 0.79 0.76 0.77 0.97 0.85 0.85 0.77 0.76 0.79 0.84 0.79 0.77 0.77 0.79 1.25 1.36 1.12 1.25 1.25 1.36 1.36 0.81 0.79 1.00 0.77 0.76 0.77 1.00 0.76 1.36 0.97 0.77 1.36 1.36 
0.83 1.27 0.80 0.58 0.62 1.00 0.97 1.00 0.76 1.06 1.06 1.00 0.97 1.47 0.94 0.94 0.97 1.00 0.94 0.90 0.94 0.97 0.97 0.94 0.97 1.00 0.90 0.97 0.97 1.00 1.00 1.10 0.94 1.36 0.97 1.00 0.97 0.76 1.00 1.00 0.80 0.97 1.00 1.00 
0.83 0.80 1.27 0.58 0.62 1.00 0.97 1.00 0.76 0.94 0.94 1.00 0.97 0.71 0.94 0.94 0.97 1.00 0.94 0.90 0.94 0.97 0.97 0.94 1.03 1.00 0.90 0.97 0.97 1.00 1.00 0.90 0.94 0.76 0.97 1.00 0.97 1.36 1.00 1.00 1.27 0.97 1.00 1.00 
0.96 1.00 1.00 0.86 0.89 0.80 0.84 0.80 0.94 0.86 0.86 0.80 0.81 0.94 0.88 0.88 0.84 0.80 0.83 0.89 0.83 0.81 0.81 0.86 1.19 1.27 0.92 0.84 0.84 1.27 1.27 0.86 0.83 0.96 0.81 0.80 0.81 0.97 0.80 1.27 1.00 0.84 1.27 0.80 
0.85 0.81 0.81 0.57 0.63 0.97 1.00 0.97 0.81 1.03 1.03 0.97 1.00 0.72 0.97 0.97 1.00 0.97 0.97 0.93 0.97 1.00 1.00 0.97 1.00 0.97 0.93 1.00 1.00 0.97 0.97 0.93 0.97 0.77 1.00 0.97 1.00 0.77 0.97 0.97 0.84 1.00 0.97 0.97 
0.83 0.80 0.80 2.22 1.86 1.00 0.97 1.00 1.36 0.94 0.94 1.00 0.97 0.71 0.94 0.94 0.97 1.00 0.94 0.90 0.94 0.97 0.97 0.94 0.97 1.00 0.90 0.97 0.97 1.00 1.00 0.90 0.94 0.76 0.97 1.00 0.97 1.36 1.00 1.00 1.27 0.97 1.00 1.00 
0.83 0.80 0.80 0.58 0.62 1.00 0.97 1.00 0.76 0.94 0.94 1.00 0.97 0.71 0.94 0.94 0.97 1.00 0.94 0.90 0.94 0.97 0.97 0.94 0.97 1.00 0.90 0.97 0.97 1.00 1.00 0.90 0.94 0.76 0.97 1.00 0.97 1.36 1.00 1.00 0.80 0.97 1.00 1.00 
