2  2  2  2  0  0  0  0  0  0  0  2  0  0  0  0  0  0  0  0  2  2  0  0  0  0  2  2  2  2  2  2  0  0  0  0  0  0  0  0  0  0  0  0  
2  4  2  2  0  0  0  0  0  0  0  4  2  0  0  0  0  0  0  0  2  2  0  0  0  0  2  2  4  2  2  2  0  0  0  0  0  0  0  0  0  0  0  0  
2  2  2  2  0  0  0  0  0  0  0  2  0  0  0  0  0  0  0  0  2  2  0  0  0  0  2  2  2  2  2  2  0  0  0  0  0  0  0  0  0  0  0  0  
2  2  2  7  2  0  0  0  0  0  0  2  0  0  0  2  2  2  2  2  7  7  2  2  0  0  2  2  2  2  2  2  0  0  0  0  0  0  0  0  0  0  0  0  
0  0  0  2  4  0  0  0  0  0  0  0  0  0  0  1  1  1  0  0  4  4  1  0  0  0  0  0  0  0  1  1  1  0  0  0  0  0  0  0  0  0  0  0  
0  0  0  0  0  3  3  3  0  0  0  0  0  0  0  0  0  0  0  0  3  3  3  0  0  0  0  0  0  0  0  3  0  0  0  0  0  0  0  0  0  0  0  0  
0  0  0  0  0  3  8  8  4  0  0  0  0  0  2  0  0  0  0  0  3  3  3  2  0  0  0  0  0  0  0  3  2  0  0  0  0  0  0  0  0  0  0  0  
0  0  0  0  0  3  8  8  4  0  0  0  0  0  2  0  0  0  0  0  3  3  3  2  0  0  0  0  0  0  0  3  2  0  0  0  0  0  0  0  0  0  0  0  
0  0  0  0  0  0  4  4  4  0  0  0  0  0  2  0  0  0  0  0  0  0  0  2  0  0  0  0  0  0  0  0  2  0  0  0  0  0  0  0  0  0  0  0  
0  0  0  0  0  0  0  0  0  1  0  0  0  0  0  0  1  0  1  1  0  0  0  0  0  0  0  0  0  0  0  0  1  1  0  0  0  0  0  0  0  1  0  0  
0  0  0  0  0  0  0  0  0  0  2  2  2  2  2  0  2  2  2  2  0  0  0  0  0  0  0  0  0  0  0  0  0  0  0  0  0  0  0  0  0  0  0  0  
2  4  2  2  0  0  0  0  0  0  2  7  5  2  2  0  2  2  2  2  2  2  0  0  0  0  2  2  4  2  2  2  0  0  0  0  0  0  0  0  0  0  0  0  
0  2  0  0  0  0  0  0  0  0  2  5  8  5  2  0  5  5  5  2  0  0  0  0  0  0  0  0  2  0  0  0  0  0  0  0  0  0  0  0  0  0  0  0  
0  0  0  0  0  0  0  0  0  0  2  2  5  5  2  0  5  5  5  2  0  0  0  0  0  0  0  0  0  0  0  0  0  0  0  0  0  0  0  0  0  0  0  0  
0  0  0  0  0  0  2  2  2  0  2  2  2  2  5  0  2  2  2  2  0  0  0  0  0  0  0  0  0  0  0  0  2  0  0  0  0  0  0  0  0  0  0  0  
0  0  0  2  1  0  0  0  0  0  0  0  0  0  0  3  3  3  2  2  3  3  3  2  0  0  0  0  0  0  1  1  1  0  0  0  0  0  0  0  0  0  0  0  
0  0  0  2  1  0  0  0  0  1  2  2  5  5  2  3  15 9  12 9  3  3  3  4  1  0  0  0  0  0  1  1  5  1  1  0  0  0  0  0  0  1  1  0  
0  0  0  2  1  0  0  0  0  0  2  2  5  5  2  3  9  15 14 11 6  6  6  5  2  2  2  2  5  0  1  1  4  0  0  0  0  0  0  0  0  0  0  0  
0  0  0  2  0  0  0  0  0  1  2  2  5  5  2  2  12 14 34 32 16 12 15 16 16 13 6  6  5  3  3  3  15 5  3  3  3  3  3  2  2  1  0  0  
0  0  0  2  0  0  0  0  0  1  2  2  2  2  2  2  9  11 32 32 16 12 15 16 16 13 6  6  5  3  3  3  15 5  3  3  3  3  3  2  2  1  0  0  
2  2  2  7  4  3  3  3  0  0  0  2  0  0  0  3  3  6  16 16 25 21 16 13 13 13 9  9  5  2  3  6  3  3  3  3  3  3  3  0  0  0  0  0  
2  2  2  7  4  3  3  3  0  0  0  2  0  0  0  3  3  6  12 12 21 21 16 9  9  9  9  9  5  2  3  6  3  0  0  0  0  0  0  0  0  0  0  0  
0  0  0  2  1  3  3  3  0  0  0  0  0  0  0  3  3  6  15 15 16 16 20 9  9  9  6  6  2  3  4  7  7  0  0  0  0  0  0  0  0  0  0  0  
0  0  0  2  0  0  2  2  2  0  0  0  0  0  0  2  4  5  16 16 13 9  9  20 15 10 6  6  2  0  0  0  2  3  5  3  3  3  3  2  2  0  1  0  
0  0  0  0  0  0  0  0  0  0  0  0  0  0  0  0  1  2  16 16 13 9  9  15 23 13 6  6  2  0  0  0  5  3  5  5  5  3  3  2  2  0  1  2  
0  0  0  0  0  0  0  0  0  0  0  0  0  0  0  0  0  2  13 13 13 9  9  10 13 13 6  6  2  0  0  0  2  3  3  3  3  3  3  0  0  0  0  0  
2  2  2  2  0  0  0  0  0  0  0  2  0  0  0  0  0  2  6  6  9  9  6  6  6  6  9  9  5  2  2  2  0  0  0  0  0  0  0  0  0  0  0  0  
2  2  2  2  0  0  0  0  0  0  0  2  0  0  0  0  0  2  6  6  9  9  6  6  6  6  9  9  5  2  2  2  0  0  0  0  0  0  0  0  0  0  0  0  
2  4  2  2  0  0  0  0  0  0  0  4  2  0  0  0  0  5  5  5  5  5  2  2  2  2  5  5  10 2  2  2  2  0  0  0  0  0  0  0  0  0  0  0  
2  2  2  2  0  0  0  0  0  0  0  2  0  0  0  0  0  0  3  3  2  2  3  0  0  0  2  2  2  5  5  5  3  0  0  0  0  0  0  0  0  0  0  0  
2  2  2  2  1  0  0  0  0  0  0  2  0  0  0  1  1  1  3  3  3  3  4  0  0  0  2  2  2  5  6  6  4  0  0  0  0  0  0  0  0  0  0  0  
2  2  2  2  1  3  3  3  0  0  0  2  0  0  0  1  1  1  3  3  6  6  7  0  0  0  2  2  2  5  6  9  4  0  0  0  0  0  0  0  0  0  0  0  
0  0  0  0  1  0  2  2  2  1  0  0  0  0  2  1  5  4  15 15 3  3  7  2  5  2  0  0  2  3  4  4  19 1  0  0  0  0  0  2  2  1  0  0  
0  0  0  0  0  0  0  0  0  1  0  0  0  0  0  0  1  0  5  5  3  0  0  3  3  3  0  0  0  0  0  0  1  5  3  3  3  3  3  0  0  1  0  0  
0  0  0  0  0  0  0  0  0  0  0  0  0  0  0  0  1  0  3  3  3  0  0  5  5  3  0  0  0  0  0  0  0  3  5  3  3  3  3  0  0  0  1  0  
0  0  0  0  0  0  0  0  0  0  0  0  0  0  0  0  0  0  3  3  3  0  0  3  5  3  0  0  0  0  0  0  0  3  3  5  5  3  3  0  0  0  0  0  
0  0  0  0  0  0  0  0  0  0  0  0  0  0  0  0  0  0  3  3  3  0  0  3  5  3  0  0  0  0  0  0  0  3  3  5  5  3  3  0  0  0  0  0  
0  0  0  0  0  0  0  0  0  0  0  0  0  0  0  0  0  0  3  3  3  0  0  3  3  3  0  0  0  0  0  0  0  3  3  3  3  3  3  0  0  0  0  0  
0  0  0  0  0  0  0  0  0  0  0  0  0  0  0  0  0  0  3  3  3  0  0  3  3  3  0  0  0  0  0  0  0  3  3  3  3  3  3  0  0  0  0  0  
0  0  0  0  0  0  0  0  0  0  0  0  0  0  0  0  0  0  2  2  0  0  0  2  2  0  0  0  0  0  0  0  2  0  0  0  0  0  0  2  2  0  0  0  
0  0  0  0  0  0  0  0  0  0  0  0  0  0  0  0  0  0  2  2  0  0  0  2  2  0  0  0  0  0  0  0  2  0  0  0  0  0  0  2  2  0  0  0  
0  0  0  0  0  0  0  0  0  1  0  0  0  0  0  0  1  0  1  1  0  0  0  0  0  0  0  0  0  0  0  0  1  1  0  0  0  0  0  0  0  1  0  0  
0  0  0  0  0  0  0  0  0  0  0  0  0  0  0  0  1  0  0  0  0  0  0  1  1  0  0  0  0  0  0  0  0  0  1  0  0  0  0  0  0  0  1  0  
0  0  0  0  0  0  0  0  0  0  0  0  0  0  0  0  0  0  0  0  0  0  0  0  2  0  0  0  0  0  0  0  0  0  0  0  0  0  0  0  0  0  0  2  
