1.00 0.91 0.88 0.88 0.85 0.83 0.83 0.85 0.85 0.88 0.85 0.85 0.85 0.90 0.90 0.94 0.90 0.90 0.83 0.83 0.88 0.83 1.14 0.90 0.93 0.93 0.90 0.93 0.85 0.83 0.83 0.83 0.83 1.20 0.83 0.83 1.14 0.96 0.90 0.85 0.84 0.92 0.97 0.97 
0.91 1.00 1.00 1.00 0.97 0.94 0.94 0.97 0.97 0.97 0.97 0.97 0.97 1.00 1.00 0.97 1.00 1.00 0.94 0.94 0.97 0.94 0.97 1.00 0.96 0.79 0.74 0.96 0.97 0.94 0.94 0.94 0.94 1.06 0.94 0.94 1.03 0.83 0.79 0.70 0.71 0.79 0.88 0.83 
0.88 1.00 1.00 1.00 0.97 0.94 0.94 0.97 0.97 0.97 1.03 0.97 0.97 1.00 1.00 0.96 1.00 1.00 0.94 0.94 0.97 1.06 0.97 1.00 0.97 0.82 0.78 0.96 0.97 0.94 0.94 0.94 0.94 0.94 0.94 0.94 0.97 0.86 0.79 0.62 0.56 0.82 0.83 0.86 
0.88 1.00 1.00 1.00 0.97 0.94 0.94 0.97 0.97 0.97 1.03 0.97 0.97 1.00 1.00 0.96 1.00 1.00 0.94 0.94 0.97 1.06 0.97 1.00 0.97 0.82 0.78 0.96 0.97 0.94 0.94 0.94 0.94 0.94 0.94 0.94 0.97 0.86 0.79 0.62 0.56 0.82 0.83 0.86 
0.85 0.97 0.97 0.97 1.00 1.03 0.97 1.00 1.00 1.00 1.00 1.00 1.00 0.97 0.97 0.93 0.97 0.97 0.97 0.97 1.00 0.97 1.00 0.97 0.93 0.77 0.77 0.94 1.00 1.03 1.03 0.97 0.97 0.97 0.97 0.97 1.00 1.19 1.25 0.69 0.65 0.77 0.84 0.81 
0.83 0.94 0.94 0.94 1.03 1.00 1.00 0.97 0.97 0.97 0.97 0.97 0.97 0.94 0.94 0.90 0.94 0.94 1.00 1.00 0.97 1.00 0.97 0.94 0.90 0.76 0.71 0.90 0.97 1.00 1.00 1.00 1.00 1.00 1.00 1.00 0.97 1.27 1.36 0.62 0.58 0.76 1.27 0.80 
0.83 0.94 0.94 0.94 0.97 1.00 1.00 0.97 0.97 0.97 0.97 0.97 0.97 0.94 0.94 0.90 0.94 0.94 1.00 1.00 0.97 1.00 0.97 0.94 0.90 0.76 0.71 0.90 0.97 1.00 1.00 1.00 1.00 1.00 1.00 1.00 0.97 0.80 1.36 0.62 0.58 0.76 0.80 0.80 
0.85 0.97 0.97 0.97 1.00 0.97 0.97 1.00 1.00 1.00 1.00 1.00 1.00 0.97 0.97 0.93 0.97 0.97 0.97 0.97 1.00 0.97 1.00 0.97 0.93 0.77 0.77 0.94 1.00 1.03 1.03 0.97 0.97 0.97 0.97 0.97 1.00 0.84 1.25 0.69 0.65 0.77 0.81 0.81 
0.85 0.97 0.97 0.97 1.00 0.97 0.97 1.00 1.00 1.00 1.00 1.00 1.00 0.97 0.97 0.93 0.97 0.97 0.97 0.97 1.00 0.97 1.00 0.97 0.93 0.77 0.77 0.94 1.00 1.03 1.03 0.97 0.97 0.97 0.97 0.97 1.00 0.84 1.25 0.69 0.65 0.77 0.81 0.81 
0.88 0.97 0.97 0.97 1.00 0.97 0.97 1.00 1.00 1.00 1.00 1.00 1.00 0.97 0.97 0.93 0.97 0.97 0.97 0.97 1.00 0.97 1.00 0.97 0.93 0.77 0.72 0.93 1.00 0.97 0.97 0.97 0.97 1.03 0.97 0.97 1.00 0.81 0.77 0.69 0.65 0.81 0.84 0.81 
0.85 0.97 1.03 1.03 1.00 0.97 0.97 1.00 1.00 1.00 1.00 1.00 1.00 0.97 0.97 0.93 0.97 0.97 0.97 0.97 1.00 0.97 1.00 0.97 0.93 0.77 0.72 0.93 1.00 0.97 0.97 0.97 0.97 0.97 0.97 0.97 1.00 0.84 0.77 0.63 0.57 0.81 0.81 0.81 
0.85 0.97 0.97 0.97 1.00 0.97 0.97 1.00 1.00 1.00 1.00 1.00 1.00 1.03 0.97 1.06 0.97 0.97 1.03 1.03 1.00 0.97 1.00 0.97 0.94 0.81 0.77 0.93 1.00 0.97 0.97 0.97 0.97 0.97 0.97 0.97 1.00 0.81 0.77 0.63 0.57 0.77 0.81 0.81 
0.85 0.97 0.97 0.97 1.00 0.97 0.97 1.00 1.00 1.00 1.00 1.00 1.00 0.97 1.03 0.94 0.97 0.97 1.03 1.03 1.00 0.97 1.00 0.97 1.06 0.81 0.77 0.93 1.00 0.97 0.97 0.97 0.97 0.97 0.97 0.97 1.00 0.81 0.77 0.69 0.65 0.81 0.81 0.84 
0.90 1.00 1.00 1.00 0.97 0.94 0.94 0.97 0.97 0.97 0.97 1.03 0.97 1.00 1.00 0.97 1.00 1.00 1.06 1.06 0.97 0.94 0.97 1.00 0.97 0.82 0.78 0.96 0.97 0.94 0.94 0.94 0.94 1.06 0.94 0.94 0.97 0.83 0.79 0.70 0.65 0.79 0.86 0.83 
0.90 1.00 1.00 1.00 0.97 0.94 0.94 0.97 0.97 0.97 0.97 0.97 1.03 1.00 1.00 0.97 1.00 1.00 1.06 1.06 0.97 0.94 0.97 1.00 1.03 0.85 0.82 0.96 0.97 0.94 0.94 0.94 0.94 0.94 0.94 0.94 0.97 0.83 0.79 0.70 0.65 0.85 0.86 0.88 
0.94 0.97 0.96 0.96 0.93 0.90 0.90 0.93 0.93 0.93 0.93 1.06 0.94 0.97 0.97 1.00 0.97 0.97 1.10 1.10 0.93 0.90 0.93 0.97 1.00 0.87 0.83 1.00 0.93 0.90 0.90 0.90 0.90 0.90 0.90 0.90 0.93 0.89 0.84 0.76 0.71 0.84 0.86 0.89 
0.90 1.00 1.00 1.00 0.97 0.94 0.94 0.97 0.97 0.97 0.97 0.97 0.97 1.00 1.00 0.97 1.00 1.00 1.06 1.06 0.97 0.94 0.97 1.00 0.97 1.18 1.23 0.97 0.97 0.94 0.94 0.94 0.94 0.94 0.94 0.94 0.97 0.88 0.85 0.74 0.71 0.79 0.83 0.88 
0.90 1.00 1.00 1.00 0.97 0.94 0.94 0.97 0.97 0.97 0.97 0.97 0.97 1.00 1.00 0.97 1.00 1.00 1.06 1.06 0.97 0.94 0.97 1.00 0.97 1.18 1.23 0.96 0.97 0.94 0.94 0.94 0.94 0.94 0.94 0.94 0.97 0.86 0.79 0.70 0.65 0.79 0.86 0.86 
0.83 0.94 0.94 0.94 0.97 1.00 1.00 0.97 0.97 0.97 0.97 1.03 1.03 1.06 1.06 1.10 1.06 1.06 1.00 1.00 0.97 1.00 0.97 1.06 1.10 1.36 1.47 0.90 0.97 1.00 1.00 1.00 1.00 1.00 1.00 1.00 0.97 0.80 0.76 0.62 0.58 0.76 0.80 0.80 
0.83 0.94 0.94 0.94 0.97 1.00 1.00 0.97 0.97 0.97 0.97 1.03 1.03 1.06 1.06 1.10 1.06 1.06 1.00 1.00 0.97 1.00 0.97 1.06 1.10 1.36 1.47 0.90 0.97 1.00 1.00 1.00 1.00 1.00 1.00 1.00 0.97 0.80 0.76 0.62 0.58 0.76 0.80 0.80 
0.88 0.97 0.97 0.97 1.00 0.97 0.97 1.00 1.00 1.00 1.00 1.00 1.00 0.97 0.97 0.93 0.97 0.97 0.97 0.97 1.00 0.97 1.00 0.97 0.94 1.25 1.33 0.93 1.00 0.97 0.97 0.97 0.97 0.97 0.97 0.97 1.00 0.81 0.77 0.63 0.57 0.81 0.84 0.84 
0.83 0.94 1.06 1.06 0.97 1.00 1.00 0.97 0.97 0.97 0.97 0.97 0.97 0.94 0.94 0.90 0.94 0.94 1.00 1.00 0.97 1.00 0.97 0.94 1.10 1.36 1.47 0.90 0.97 1.00 1.00 1.00 1.00 1.00 1.00 1.00 0.97 0.80 0.76 0.62 0.58 0.76 0.80 1.27 
1.14 0.97 0.97 0.97 1.00 0.97 0.97 1.00 1.00 1.00 1.00 1.00 1.00 0.97 0.97 0.93 0.97 0.97 0.97 0.97 1.00 0.97 1.00 0.97 0.94 1.25 1.33 0.93 1.00 0.97 0.97 0.97 0.97 0.97 0.97 0.97 1.00 0.84 0.77 0.69 0.65 0.81 1.19 1.19 
0.90 1.00 1.00 1.00 0.97 0.94 0.94 0.97 0.97 0.97 0.97 0.97 0.97 1.00 1.00 0.97 1.00 1.00 1.06 1.06 0.97 0.94 0.97 1.00 0.97 1.18 1.23 0.97 0.97 0.94 0.94 0.94 0.94 0.94 0.94 0.94 0.97 0.88 0.85 0.74 0.71 0.79 0.83 0.88 
0.93 0.96 0.97 0.97 0.93 0.90 0.90 0.93 0.93 0.93 0.93 0.94 1.06 0.97 1.03 1.00 0.97 0.97 1.10 1.10 0.94 1.10 0.94 0.97 1.00 0.89 0.86 1.00 0.93 0.90 0.90 0.90 0.90 0.90 0.90 0.90 0.93 0.86 0.81 0.70 0.65 0.87 0.89 0.92 
0.93 0.79 0.82 0.82 0.77 0.76 0.76 0.77 0.77 0.77 0.77 0.81 0.81 0.82 0.85 0.87 1.18 1.18 1.36 1.36 1.25 1.36 1.25 1.18 0.89 1.00 1.02 0.89 0.77 0.76 0.76 0.76 0.76 0.76 0.76 0.76 0.77 0.96 1.00 0.89 0.85 1.00 0.96 0.98 
0.90 0.74 0.78 0.78 0.77 0.71 0.71 0.77 0.77 0.72 0.72 0.77 0.77 0.78 0.82 0.83 1.23 1.23 1.47 1.47 1.33 1.47 1.33 1.23 0.86 1.02 1.00 1.17 0.77 1.47 1.47 0.71 0.71 0.71 0.71 0.71 0.72 0.94 0.97 0.93 0.90 0.95 0.91 0.95 
0.93 0.96 0.96 0.96 0.94 0.90 0.90 0.94 0.94 0.93 0.93 0.93 0.93 0.96 0.96 1.00 0.97 0.96 0.90 0.90 0.93 0.90 0.93 0.97 1.00 0.89 1.17 1.00 0.94 1.10 1.10 0.90 0.90 0.90 0.90 0.90 0.93 0.92 1.12 1.28 1.36 0.84 0.86 0.92 
0.85 0.97 0.97 0.97 1.00 0.97 0.97 1.00 1.00 1.00 1.00 1.00 1.00 0.97 0.97 0.93 0.97 0.97 0.97 0.97 1.00 0.97 1.00 0.97 0.93 0.77 0.77 0.94 1.00 1.03 1.03 0.97 0.97 0.97 1.03 1.03 1.00 0.84 0.81 1.56 1.75 0.81 0.84 0.81 
0.83 0.94 0.94 0.94 1.03 1.00 1.00 1.03 1.03 0.97 0.97 0.97 0.97 0.94 0.94 0.90 0.94 0.94 1.00 1.00 0.97 1.00 0.97 0.94 0.90 0.76 1.47 1.10 1.03 1.00 1.00 1.00 1.00 1.00 1.00 1.00 0.97 1.27 1.36 1.86 2.22 0.76 0.80 0.80 
0.83 0.94 0.94 0.94 1.03 1.00 1.00 1.03 1.03 0.97 0.97 0.97 0.97 0.94 0.94 0.90 0.94 0.94 1.00 1.00 0.97 1.00 0.97 0.94 0.90 0.76 1.47 1.10 1.03 1.00 1.00 1.00 1.00 1.00 1.00 1.00 0.97 1.27 1.36 1.86 2.22 0.76 0.80 0.80 
0.83 0.94 0.94 0.94 0.97 1.00 1.00 0.97 0.97 0.97 0.97 0.97 0.97 0.94 0.94 0.90 0.94 0.94 1.00 1.00 0.97 1.00 0.97 0.94 0.90 0.76 0.71 0.90 0.97 1.00 1.00 1.00 1.00 1.00 1.00 1.00 0.97 1.27 1.36 1.86 2.22 1.36 0.80 0.80 
0.83 0.94 0.94 0.94 0.97 1.00 1.00 0.97 0.97 0.97 0.97 0.97 0.97 0.94 0.94 0.90 0.94 0.94 1.00 1.00 0.97 1.00 0.97 0.94 0.90 0.76 0.71 0.90 0.97 1.00 1.00 1.00 1.00 1.00 1.00 1.00 0.97 1.27 1.36 1.86 2.22 1.36 0.80 0.80 
1.20 1.06 0.94 0.94 0.97 1.00 1.00 0.97 0.97 1.03 0.97 0.97 0.97 1.06 0.94 0.90 0.94 0.94 1.00 1.00 0.97 1.00 0.97 0.94 0.90 0.76 0.71 0.90 0.97 1.00 1.00 1.00 1.00 1.00 1.00 1.00 1.03 0.80 0.76 1.86 2.22 0.76 1.27 0.80 
0.83 0.94 0.94 0.94 0.97 1.00 1.00 0.97 0.97 0.97 0.97 0.97 0.97 0.94 0.94 0.90 0.94 0.94 1.00 1.00 0.97 1.00 0.97 0.94 0.90 0.76 0.71 0.90 1.03 1.00 1.00 1.00 1.00 1.00 1.00 1.00 0.97 0.80 0.76 1.86 2.22 1.36 1.27 0.80 
0.83 0.94 0.94 0.94 0.97 1.00 1.00 0.97 0.97 0.97 0.97 0.97 0.97 0.94 0.94 0.90 0.94 0.94 1.00 1.00 0.97 1.00 0.97 0.94 0.90 0.76 0.71 0.90 1.03 1.00 1.00 1.00 1.00 1.00 1.00 1.00 0.97 0.80 0.76 1.86 2.22 1.36 1.27 0.80 
1.14 1.03 0.97 0.97 1.00 0.97 0.97 1.00 1.00 1.00 1.00 1.00 1.00 0.97 0.97 0.93 0.97 0.97 0.97 0.97 1.00 0.97 1.00 0.97 0.93 0.77 0.72 0.93 1.00 0.97 0.97 0.97 0.97 1.03 0.97 0.97 1.00 0.81 0.77 0.69 1.75 0.77 1.19 0.81 
0.96 0.83 0.86 0.86 1.19 1.27 0.80 0.84 0.84 0.81 0.84 0.81 0.81 0.83 0.83 0.89 0.88 0.86 0.80 0.80 0.81 0.80 0.84 0.88 0.86 0.96 0.94 0.92 0.84 1.27 1.27 1.27 1.27 0.80 0.80 0.80 0.81 1.00 0.97 0.89 0.86 0.94 1.00 1.00 
0.90 0.79 0.79 0.79 1.25 1.36 1.36 1.25 1.25 0.77 0.77 0.77 0.77 0.79 0.79 0.84 0.85 0.79 0.76 0.76 0.77 0.76 0.77 0.85 0.81 1.00 0.97 1.12 0.81 1.36 1.36 1.36 1.36 0.76 0.76 0.76 0.77 0.97 1.00 0.91 0.88 1.00 0.94 0.96 
0.85 0.70 0.62 0.62 0.69 0.62 0.62 0.69 0.69 0.69 0.63 0.63 0.69 0.70 0.70 0.76 0.74 0.70 0.62 0.62 0.63 0.62 0.69 0.74 0.70 0.89 0.93 1.28 1.56 1.86 1.86 1.86 1.86 1.86 1.86 1.86 0.69 0.89 0.91 1.00 1.02 0.92 0.87 0.89 
0.84 0.71 0.56 0.56 0.65 0.58 0.58 0.65 0.65 0.65 0.57 0.57 0.65 0.65 0.65 0.71 0.71 0.65 0.58 0.58 0.57 0.58 0.65 0.71 0.65 0.85 0.90 1.36 1.75 2.22 2.22 2.22 2.22 2.22 2.22 2.22 1.75 0.86 0.88 1.02 1.00 0.89 0.86 0.86 
0.92 0.79 0.82 0.82 0.77 0.76 0.76 0.77 0.77 0.81 0.81 0.77 0.81 0.79 0.85 0.84 0.79 0.79 0.76 0.76 0.81 0.76 0.81 0.79 0.87 1.00 0.95 0.84 0.81 0.76 0.76 1.36 1.36 0.76 1.36 1.36 0.77 0.94 1.00 0.92 0.89 1.00 0.96 0.96 
0.97 0.88 0.83 0.83 0.84 1.27 0.80 0.81 0.81 0.84 0.81 0.81 0.81 0.86 0.86 0.86 0.83 0.86 0.80 0.80 0.84 0.80 1.19 0.83 0.89 0.96 0.91 0.86 0.84 0.80 0.80 0.80 0.80 1.27 1.27 1.27 1.19 1.00 0.94 0.87 0.86 0.96 1.00 1.00 
0.97 0.83 0.86 0.86 0.81 0.80 0.80 0.81 0.81 0.81 0.81 0.81 0.84 0.83 0.88 0.89 0.88 0.86 0.80 0.80 0.84 1.27 1.19 0.88 0.92 0.98 0.95 0.92 0.81 0.80 0.80 0.80 0.80 0.80 0.80 0.80 0.81 1.00 0.96 0.89 0.86 0.96 1.00 1.00 
