2881 580  1562 0    457  1895 1895 0    365  0    837  813  813  0    289  0    1927 1927 698  0    698  698  0    580  284  0    0    296  0    0    0    0    284  284  0    284  0    1784 538  365  1327 365  365  284  365  1562 316  0    1562 0    0    0    2881 1784 316  173  2012 497  0    284  0    
580  1559 690  0    965  1449 1173 0    0    0    408  0    0    295  295  0    690  690  296  0    296  296  0    1559 394  0    571  594  295  571  0    0    394  394  110  284  0    296  0    0    296  0    0    0    0    690  110  110  690  0    0    0    580  296  0    0    580  0    0    0    0    
1562 690  2005 0    394  1579 1579 0    0    0    707  316  316  0    0    0    1672 1672 698  0    698  698  0    690  394  0    0    296  0    0    0    0    394  394  110  284  0    962  0    0    962  0    0    0    0    2005 759  443  1672 333  0    0    1562 962  316  0    982  0    0    0    0    
0    0    0    0    0    0    0    0    0    0    0    0    0    0    0    0    0    0    0    0    0    0    0    0    0    0    0    0    0    0    0    0    0    0    0    0    0    0    0    0    0    0    0    0    0    0    0    0    0    0    0    0    0    0    0    0    0    0    0    0    0    
457  965  394  0    1539 1256 980  198  198  198  511  0    0    295  295  0    394  394  0    0    0    0    0    965  394  0    571  0    295  571  0    0    394  394  110  284  0    173  173  0    0    0    0    0    0    394  110  110  394  0    0    0    457  173  0    173  457  0    0    0    0    
1895 1449 1579 0    1256 3498 3222 198  563  198  1580 0    0    295  295  0    1611 1611 698  0    698  698  0    1449 284  0    571  594  295  571  0    0    284  284  0    284  0    1611 365  365  1327 365  365  284  365  1579 333  333  1246 333  0    0    1895 1611 0    0    1631 0    0    284  0    
1895 1173 1579 0    980  3222 3222 198  563  198  1580 0    0    295  295  0    1611 1611 698  0    698  698  0    1173 284  0    295  594  295  295  0    0    284  284  0    284  0    1611 365  365  1327 365  365  284  365  1579 333  333  1246 333  0    0    1895 1611 0    0    1631 0    0    284  0    
0    0    0    0    198  198  198  198  198  198  198  0    0    0    0    0    0    0    0    0    0    0    0    0    0    0    0    0    0    0    0    0    0    0    0    0    0    0    0    0    0    0    0    0    0    0    0    0    0    0    0    0    0    0    0    0    0    0    0    0    0    
365  0    0    0    198  563  563  198  563  198  198  0    0    0    0    0    365  365  0    0    0    0    0    0    0    0    0    0    0    0    0    0    0    0    0    0    0    365  365  365  365  365  365  0    365  0    0    0    0    0    0    0    365  365  0    0    365  0    0    0    0    
0    0    0    0    198  198  198  198  198  198  198  0    0    0    0    0    0    0    0    0    0    0    0    0    0    0    0    0    0    0    0    0    0    0    0    0    0    0    0    0    0    0    0    0    0    0    0    0    0    0    0    0    0    0    0    0    0    0    0    0    0    
837  408  707  0    511  1580 1580 198  198  198  1979 289  289  0    289  0    374  374  0    0    0    0    0    408  110  0    0    298  0    0    0    0    110  110  110  0    0    548  0    0    264  0    0    284  0    707  443  443  374  333  0    0    837  548  0    0    284  289  0    284  0    
813  0    316  0    0    0    0    0    0    0    289  813  813  0    289  0    316  316  0    0    0    0    0    0    0    0    0    0    0    0    0    0    0    0    0    0    0    0    0    0    0    0    0    0    0    316  316  0    316  0    0    0    813  0    316  0    208  497  0    0    0    
813  0    316  0    0    0    0    0    0    0    289  813  813  0    289  0    316  316  0    0    0    0    0    0    0    0    0    0    0    0    0    0    0    0    0    0    0    0    0    0    0    0    0    0    0    316  316  0    316  0    0    0    813  0    316  0    208  497  0    0    0    
0    295  0    0    295  295  295  0    0    0    0    0    0    295  295  0    0    0    0    0    0    0    0    295  0    0    295  0    295  295  0    0    0    0    0    0    0    0    0    0    0    0    0    0    0    0    0    0    0    0    0    0    0    0    0    0    0    0    0    0    0    
289  295  0    0    295  295  295  0    0    0    289  289  289  295  584  0    0    0    0    0    0    0    0    295  0    0    295  0    295  295  0    0    0    0    0    0    0    0    0    0    0    0    0    0    0    0    0    0    0    0    0    0    289  0    0    0    0    289  0    0    0    
0    0    0    0    0    0    0    0    0    0    0    0    0    0    0    0    0    0    0    0    0    0    0    0    0    0    0    0    0    0    0    0    0    0    0    0    0    0    0    0    0    0    0    0    0    0    0    0    0    0    0    0    0    0    0    0    0    0    0    0    0    
1927 690  1672 0    394  1611 1611 0    365  0    374  316  316  0    0    0    2543 2543 911  0    911  911  0    903  394  213  0    509  213  0    0    0    900  900  403  790  0    1327 365  365  1327 365  365  0    365  2178 639  323  2178 213  213  213  1927 1327 316  0    1347 0    0    0    0    
1927 690  1672 0    394  1611 1611 0    365  0    374  316  316  0    0    0    2543 2543 911  0    911  911  0    903  394  213  0    509  213  0    0    0    900  900  403  790  0    1327 365  365  1327 365  365  0    365  2178 639  323  2178 213  213  213  1927 1327 316  0    1347 0    0    0    0    
698  296  698  0    0    698  698  0    0    0    0    0    0    0    0    0    911  911  911  0    911  911  0    509  0    213  0    509  213  0    0    0    213  213  0    213  0    698  0    0    698  0    0    0    0    911  213  213  911  213  213  213  698  698  0    0    698  0    0    0    0    
0    0    0    0    0    0    0    0    0    0    0    0    0    0    0    0    0    0    0    0    0    0    0    0    0    0    0    0    0    0    0    0    0    0    0    0    0    0    0    0    0    0    0    0    0    0    0    0    0    0    0    0    0    0    0    0    0    0    0    0    0    
698  296  698  0    0    698  698  0    0    0    0    0    0    0    0    0    911  911  911  0    911  911  0    509  0    213  0    509  213  0    0    0    213  213  0    213  0    698  0    0    698  0    0    0    0    911  213  213  911  213  213  213  698  698  0    0    698  0    0    0    0    
698  296  698  0    0    698  698  0    0    0    0    0    0    0    0    0    911  911  911  0    911  911  0    509  0    213  0    509  213  0    0    0    213  213  0    213  0    698  0    0    698  0    0    0    0    911  213  213  911  213  213  213  698  698  0    0    698  0    0    0    0    
0    0    0    0    0    0    0    0    0    0    0    0    0    0    0    0    0    0    0    0    0    0    0    0    0    0    0    0    0    0    0    0    0    0    0    0    0    0    0    0    0    0    0    0    0    0    0    0    0    0    0    0    0    0    0    0    0    0    0    0    0    
580  1559 690  0    965  1449 1173 0    0    0    408  0    0    295  295  0    903  903  509  0    509  509  0    2039 394  213  838  1074 775  571  0    0    874  874  110  497  0    296  0    0    296  0    0    0    0    1170 323  323  903  213  213  480  580  296  0    0    580  0    0    0    0    
284  394  394  0    394  284  284  0    0    0    110  0    0    0    0    0    394  394  0    0    0    0    0    394  394  0    0    0    0    0    0    0    394  394  110  284  0    0    0    0    0    0    0    0    0    394  110  110  394  0    0    0    284  0    0    0    284  0    0    0    0    
0    0    0    0    0    0    0    0    0    0    0    0    0    0    0    0    213  213  213  0    213  213  0    213  0    213  0    213  213  0    0    0    213  213  0    213  0    0    0    0    0    0    0    0    0    213  213  213  213  213  213  213  0    0    0    0    0    0    0    0    0    
0    571  0    0    571  571  295  0    0    0    0    0    0    295  295  0    0    0    0    0    0    0    0    838  0    0    838  267  562  571  0    0    267  267  0    0    0    0    0    0    0    0    0    0    0    267  0    0    0    0    0    267  0    0    0    0    0    0    0    0    0    
296  594  296  0    0    594  594  0    0    0    298  0    0    0    0    0    509  509  509  0    509  509  0    1074 0    213  267  1074 480  0    0    0    480  480  0    213  0    296  0    0    296  0    0    0    0    776  213  213  509  213  213  480  296  296  0    0    296  0    0    0    0    
0    295  0    0    295  295  295  0    0    0    0    0    0    295  295  0    213  213  213  0    213  213  0    775  0    213  562  480  775  295  0    0    480  480  0    213  0    0    0    0    0    0    0    0    0    480  213  213  213  213  213  480  0    0    0    0    0    0    0    0    0    
0    571  0    0    571  571  295  0    0    0    0    0    0    295  295  0    0    0    0    0    0    0    0    571  0    0    571  0    295  571  0    0    0    0    0    0    0    0    0    0    0    0    0    0    0    0    0    0    0    0    0    0    0    0    0    0    0    0    0    0    0    
0    0    0    0    0    0    0    0    0    0    0    0    0    0    0    0    0    0    0    0    0    0    0    0    0    0    0    0    0    0    0    0    0    0    0    0    0    0    0    0    0    0    0    0    0    0    0    0    0    0    0    0    0    0    0    0    0    0    0    0    0    
0    0    0    0    0    0    0    0    0    0    0    0    0    0    0    0    0    0    0    0    0    0    0    0    0    0    0    0    0    0    0    0    0    0    0    0    0    0    0    0    0    0    0    0    0    0    0    0    0    0    0    0    0    0    0    0    0    0    0    0    0    
284  394  394  0    394  284  284  0    0    0    110  0    0    0    0    0    900  900  213  0    213  213  0    874  394  213  267  480  480  0    0    0    1167 1167 403  790  0    0    0    0    0    0    0    0    0    1167 323  323  900  213  213  480  284  0    0    0    284  0    0    0    0    
284  394  394  0    394  284  284  0    0    0    110  0    0    0    0    0    900  900  213  0    213  213  0    874  394  213  267  480  480  0    0    0    1167 1167 403  790  0    0    0    0    0    0    0    0    0    1167 323  323  900  213  213  480  284  0    0    0    284  0    0    0    0    
0    110  110  0    110  0    0    0    0    0    110  0    0    0    0    0    403  403  0    0    0    0    0    110  110  0    0    0    0    0    0    0    403  403  403  293  0    0    0    0    0    0    0    0    0    403  110  110  403  0    0    0    0    0    0    0    0    0    0    0    0    
284  284  284  0    284  284  284  0    0    0    0    0    0    0    0    0    790  790  213  0    213  213  0    497  284  213  0    213  213  0    0    0    790  790  293  790  0    0    0    0    0    0    0    0    0    790  213  213  790  213  213  213  284  0    0    0    284  0    0    0    0    
0    0    0    0    0    0    0    0    0    0    0    0    0    0    0    0    0    0    0    0    0    0    0    0    0    0    0    0    0    0    0    0    0    0    0    0    0    0    0    0    0    0    0    0    0    0    0    0    0    0    0    0    0    0    0    0    0    0    0    0    0    
1784 296  962  0    173  1611 1611 0    365  0    548  0    0    0    0    0    1327 1327 698  0    698  698  0    296  0    0    0    296  0    0    0    0    0    0    0    0    0    2305 538  365  1327 593  593  284  365  962  0    0    962  0    0    0    2077 2305 0    173  1520 0    0    284  293  
538  0    0    0    173  365  365  0    365  0    0    0    0    0    0    0    365  365  0    0    0    0    0    0    0    0    0    0    0    0    0    0    0    0    0    0    0    538  538  365  365  365  365  0    365  0    0    0    0    0    0    0    538  538  0    173  538  0    0    0    0    
365  0    0    0    0    365  365  0    365  0    0    0    0    0    0    0    365  365  0    0    0    0    0    0    0    0    0    0    0    0    0    0    0    0    0    0    0    365  365  365  365  365  365  0    365  0    0    0    0    0    0    0    365  365  0    0    365  0    0    0    0    
1327 296  962  0    0    1327 1327 0    365  0    264  0    0    0    0    0    1327 1327 698  0    698  698  0    296  0    0    0    296  0    0    0    0    0    0    0    0    0    1327 365  365  1327 365  365  0    365  962  0    0    962  0    0    0    1327 1327 0    0    1063 0    0    0    0    
365  0    0    0    0    365  365  0    365  0    0    0    0    0    0    0    365  365  0    0    0    0    0    0    0    0    0    0    0    0    0    0    0    0    0    0    0    593  365  365  365  593  593  0    365  0    0    0    0    0    0    0    365  593  0    0    365  0    0    0    0    
365  0    0    0    0    365  365  0    365  0    0    0    0    0    0    0    365  365  0    0    0    0    0    0    0    0    0    0    0    0    0    0    0    0    0    0    0    593  365  365  365  593  593  0    365  0    0    0    0    0    0    0    365  593  0    0    365  0    0    0    0    
284  0    0    0    0    284  284  0    0    0    284  0    0    0    0    0    0    0    0    0    0    0    0    0    0    0    0    0    0    0    0    0    0    0    0    0    0    284  0    0    0    0    0    284  0    0    0    0    0    0    0    0    284  284  0    0    284  0    0    284  0    
365  0    0    0    0    365  365  0    365  0    0    0    0    0    0    0    365  365  0    0    0    0    0    0    0    0    0    0    0    0    0    0    0    0    0    0    0    365  365  365  365  365  365  0    365  0    0    0    0    0    0    0    365  365  0    0    365  0    0    0    0    
1562 690  2005 0    394  1579 1579 0    0    0    707  316  316  0    0    0    2178 2178 911  0    911  911  0    1170 394  213  267  776  480  0    0    0    1167 1167 403  790  0    962  0    0    962  0    0    0    0    2778 972  656  2178 546  213  480  1562 962  316  0    982  0    0    0    0    
316  110  759  0    110  333  333  0    0    0    443  316  316  0    0    0    639  639  213  0    213  213  0    323  110  213  0    213  213  0    0    0    323  323  110  213  0    0    0    0    0    0    0    0    0    972  972  656  639  546  213  213  316  0    316  0    0    0    0    0    0    
0    110  443  0    110  333  333  0    0    0    443  0    0    0    0    0    323  323  213  0    213  213  0    323  110  213  0    213  213  0    0    0    323  323  110  213  0    0    0    0    0    0    0    0    0    656  656  656  323  546  213  213  0    0    0    0    0    0    0    0    0    
1562 690  1672 0    394  1246 1246 0    0    0    374  316  316  0    0    0    2178 2178 911  0    911  911  0    903  394  213  0    509  213  0    0    0    900  900  403  790  0    962  0    0    962  0    0    0    0    2178 639  323  2178 213  213  213  1562 962  316  0    982  0    0    0    0    
0    0    333  0    0    333  333  0    0    0    333  0    0    0    0    0    213  213  213  0    213  213  0    213  0    213  0    213  213  0    0    0    213  213  0    213  0    0    0    0    0    0    0    0    0    546  546  546  213  546  213  213  0    0    0    0    0    0    0    0    0    
0    0    0    0    0    0    0    0    0    0    0    0    0    0    0    0    213  213  213  0    213  213  0    213  0    213  0    213  213  0    0    0    213  213  0    213  0    0    0    0    0    0    0    0    0    213  213  213  213  213  213  213  0    0    0    0    0    0    0    0    0    
0    0    0    0    0    0    0    0    0    0    0    0    0    0    0    0    213  213  213  0    213  213  0    480  0    213  267  480  480  0    0    0    480  480  0    213  0    0    0    0    0    0    0    0    0    480  213  213  213  213  213  480  0    0    0    0    0    0    0    0    0    
2881 580  1562 0    457  1895 1895 0    365  0    837  813  813  0    289  0    1927 1927 698  0    698  698  0    580  284  0    0    296  0    0    0    0    284  284  0    284  0    2077 538  365  1327 365  365  284  365  1562 316  0    1562 0    0    0    3174 2077 316  173  2012 497  0    284  293  
1784 296  962  0    173  1611 1611 0    365  0    548  0    0    0    0    0    1327 1327 698  0    698  698  0    296  0    0    0    296  0    0    0    0    0    0    0    0    0    2305 538  365  1327 593  593  284  365  962  0    0    962  0    0    0    2077 2305 0    173  1520 0    0    284  293  
316  0    316  0    0    0    0    0    0    0    0    316  316  0    0    0    316  316  0    0    0    0    0    0    0    0    0    0    0    0    0    0    0    0    0    0    0    0    0    0    0    0    0    0    0    316  316  0    316  0    0    0    316  0    316  0    0    0    0    0    0    
173  0    0    0    173  0    0    0    0    0    0    0    0    0    0    0    0    0    0    0    0    0    0    0    0    0    0    0    0    0    0    0    0    0    0    0    0    173  173  0    0    0    0    0    0    0    0    0    0    0    0    0    173  173  0    173  173  0    0    0    0    
2012 580  982  0    457  1631 1631 0    365  0    284  208  208  0    0    0    1347 1347 698  0    698  698  0    580  284  0    0    296  0    0    0    0    284  284  0    284  0    1520 538  365  1063 365  365  284  365  982  0    0    982  0    0    0    2012 1520 0    173  2012 208  0    284  0    
497  0    0    0    0    0    0    0    0    0    289  497  497  0    289  0    0    0    0    0    0    0    0    0    0    0    0    0    0    0    0    0    0    0    0    0    0    0    0    0    0    0    0    0    0    0    0    0    0    0    0    0    497  0    0    0    208  497  0    0    0    
0    0    0    0    0    0    0    0    0    0    0    0    0    0    0    0    0    0    0    0    0    0    0    0    0    0    0    0    0    0    0    0    0    0    0    0    0    0    0    0    0    0    0    0    0    0    0    0    0    0    0    0    0    0    0    0    0    0    0    0    0    
284  0    0    0    0    284  284  0    0    0    284  0    0    0    0    0    0    0    0    0    0    0    0    0    0    0    0    0    0    0    0    0    0    0    0    0    0    284  0    0    0    0    0    284  0    0    0    0    0    0    0    0    284  284  0    0    284  0    0    284  0    
0    0    0    0    0    0    0    0    0    0    0    0    0    0    0    0    0    0    0    0    0    0    0    0    0    0    0    0    0    0    0    0    0    0    0    0    0    293  0    0    0    0    0    0    0    0    0    0    0    0    0    0    293  293  0    0    0    0    0    0    293  
