1.00 0.83 0.92 2.00 0.86 0.94 0.97 0.67 0.73 0.67 0.92 1.30 1.30 0.67 0.73 2.00 0.97 0.97 0.78 2.00 0.78 0.78 2.00 0.89 0.73 0.67 0.68 0.75 0.68 0.68 2.00 2.00 0.77 0.77 0.68 0.74 2.00 0.95 1.43 1.63 1.22 0.73 0.73 1.63 1.63 1.00 0.75 0.68 0.94 0.68 0.67 0.68 1.02 0.95 1.63 1.63 1.07 1.43 2.00 1.63 0.67 
0.83 1.00 0.97 1.29 0.97 0.84 0.85 0.83 0.85 0.83 0.92 0.88 0.88 1.20 0.88 1.29 0.90 0.90 0.90 1.29 0.90 0.90 1.29 1.05 1.14 0.83 0.91 0.94 0.90 1.14 1.29 1.29 0.97 0.97 0.88 0.90 1.29 0.90 0.85 0.83 0.93 0.85 0.85 0.83 0.83 0.86 0.93 0.90 0.93 0.85 0.83 0.85 0.79 0.90 0.83 0.83 0.96 0.85 1.29 0.83 0.83 
0.92 0.97 1.00 1.39 1.00 0.86 0.89 0.80 0.81 0.80 0.96 0.86 0.86 0.80 0.81 1.39 0.95 0.95 0.88 1.39 0.88 0.88 1.39 0.96 1.19 0.80 0.83 0.89 0.83 0.81 1.39 1.39 0.93 0.93 0.84 0.86 1.39 0.96 0.81 0.80 0.92 0.81 0.81 0.80 0.80 1.07 0.92 0.88 0.98 0.84 0.80 0.81 0.89 0.96 1.27 0.80 1.00 0.81 1.39 0.80 0.80 
2.00 1.29 1.39 1.00 1.39 3.57 2.50 1.03 1.06 1.03 1.52 1.10 1.10 1.03 1.06 1.00 1.71 1.71 1.10 1.00 1.10 1.10 1.00 1.52 1.06 1.03 1.10 1.15 1.10 1.06 1.00 1.00 1.21 1.21 1.06 1.10 1.00 1.52 1.06 1.03 1.15 1.06 1.06 1.03 1.03 2.00 1.15 1.10 1.52 1.06 1.03 1.06 2.50 1.52 1.03 1.03 1.39 1.06 1.00 1.03 1.03 
0.86 0.97 1.00 1.39 1.00 0.86 0.87 1.27 0.84 1.27 0.96 0.83 0.83 1.27 0.84 1.39 0.91 0.91 0.83 1.39 0.83 0.83 1.39 0.97 1.19 0.80 0.88 0.86 0.86 1.19 1.39 1.39 0.93 0.93 0.84 0.86 1.39 0.94 0.84 0.80 0.86 0.81 0.81 0.80 0.80 0.86 0.89 0.86 0.96 0.81 0.80 0.81 0.81 0.94 0.80 1.27 1.00 0.81 1.39 0.80 0.80 
0.94 0.84 0.86 3.57 0.86 1.00 1.02 2.22 1.75 2.22 0.89 0.56 0.56 2.22 0.65 3.57 0.90 0.90 0.71 3.57 0.71 0.71 3.57 0.88 0.65 0.58 0.71 0.71 0.65 1.75 3.57 3.57 0.66 0.66 0.57 0.65 3.57 0.88 0.65 2.22 1.36 0.65 0.65 2.22 2.22 0.93 0.65 0.65 0.85 0.65 0.58 0.57 0.97 0.88 0.58 0.58 0.86 0.57 3.57 2.22 0.58 
0.97 0.85 0.89 2.50 0.87 1.02 1.00 1.86 1.56 1.86 0.92 0.62 0.62 1.86 0.69 2.50 0.93 0.93 0.74 2.50 0.74 0.74 2.50 0.89 0.69 0.62 0.70 0.76 0.70 0.69 2.50 2.50 0.71 0.71 0.63 0.70 2.50 0.91 0.69 1.86 1.28 0.69 0.69 1.86 1.86 0.96 0.70 0.70 0.89 0.69 0.62 0.63 1.00 0.91 0.62 0.62 0.89 0.63 2.50 1.86 0.62 
0.67 0.83 0.80 1.03 1.27 2.22 1.86 1.00 1.03 1.00 1.36 0.94 0.94 1.00 0.97 1.03 0.71 0.71 0.94 1.03 0.94 0.94 1.03 0.76 0.97 1.00 0.94 0.90 0.94 0.97 1.03 1.03 0.87 0.87 0.97 0.94 1.03 0.76 0.97 1.00 0.90 0.97 0.97 1.00 1.00 0.67 0.90 0.94 0.76 0.97 1.00 0.97 0.62 0.76 1.00 1.00 0.80 0.97 1.03 1.00 1.00 
0.73 0.85 0.81 1.06 0.84 1.75 1.56 1.03 1.00 1.03 0.81 0.97 0.97 0.97 1.00 1.06 0.77 0.77 0.97 1.06 0.97 0.97 1.06 0.77 1.00 0.97 0.97 0.93 0.97 1.00 1.06 1.06 0.89 0.89 1.00 0.97 1.06 0.81 1.00 1.03 0.94 1.00 1.00 0.97 1.03 0.68 0.93 0.97 0.77 1.00 0.97 1.00 0.69 0.81 0.97 0.97 0.84 1.00 1.06 0.97 0.97 
0.67 0.83 0.80 1.03 1.27 2.22 1.86 1.00 1.03 1.00 1.36 0.94 0.94 1.00 0.97 1.03 0.71 0.71 0.94 1.03 0.94 0.94 1.03 0.76 0.97 1.00 0.94 0.90 0.94 0.97 1.03 1.03 0.87 0.87 0.97 0.94 1.03 0.76 0.97 1.00 0.90 0.97 0.97 1.00 1.00 0.67 0.90 0.94 0.76 0.97 1.00 0.97 0.62 0.76 1.00 1.00 0.80 0.97 1.03 1.00 1.00 
0.92 0.92 0.96 1.52 0.96 0.89 0.92 1.36 0.81 1.36 1.00 0.82 0.82 0.76 0.81 1.52 0.95 0.95 0.79 1.52 0.79 0.79 1.52 1.00 0.81 0.76 0.79 0.84 0.79 0.77 1.52 1.52 0.87 0.87 0.81 0.79 1.52 1.00 0.77 0.76 0.84 0.77 0.77 1.36 0.76 0.92 0.87 0.85 1.00 0.81 0.76 0.77 0.87 1.00 0.76 0.76 0.94 0.81 1.52 1.36 0.76 
1.30 0.88 0.86 1.10 0.83 0.56 0.62 0.94 0.97 0.94 0.82 1.00 1.00 0.94 0.97 1.10 0.78 0.78 1.00 1.10 1.00 1.00 1.10 0.79 0.97 0.94 1.00 0.96 1.00 0.97 1.10 1.10 0.92 0.92 0.97 1.00 1.10 0.79 0.97 0.94 0.96 0.97 0.97 0.94 0.94 0.74 0.97 1.00 0.82 0.97 0.94 0.97 1.39 0.79 1.06 0.94 0.86 1.03 1.10 0.94 0.94 
1.30 0.88 0.86 1.10 0.83 0.56 0.62 0.94 0.97 0.94 0.82 1.00 1.00 0.94 0.97 1.10 0.78 0.78 1.00 1.10 1.00 1.00 1.10 0.79 0.97 0.94 1.00 0.96 1.00 0.97 1.10 1.10 0.92 0.92 0.97 1.00 1.10 0.79 0.97 0.94 0.96 0.97 0.97 0.94 0.94 0.74 0.97 1.00 0.82 0.97 0.94 0.97 1.39 0.79 1.06 0.94 0.86 1.03 1.10 0.94 0.94 
0.67 1.20 0.80 1.03 1.27 2.22 1.86 1.00 0.97 1.00 0.76 0.94 0.94 1.00 1.03 1.03 0.71 0.71 0.94 1.03 0.94 0.94 1.03 1.36 0.97 1.00 1.06 0.90 1.06 1.03 1.03 1.03 0.87 0.87 0.97 0.94 1.03 0.76 0.97 1.00 0.90 0.97 0.97 1.00 1.00 0.67 0.90 0.94 0.76 0.97 1.00 0.97 0.62 0.76 1.00 1.00 0.80 0.97 1.03 1.00 1.00 
0.73 0.88 0.81 1.06 0.84 0.65 0.69 0.97 1.00 0.97 0.81 0.97 0.97 1.03 1.00 1.06 0.72 0.72 0.97 1.06 0.97 0.97 1.06 0.81 1.00 0.97 0.97 0.93 0.97 1.00 1.06 1.06 0.89 0.89 1.00 0.97 1.06 0.77 1.00 0.97 0.93 1.00 1.00 0.97 0.97 0.68 0.93 0.97 0.77 1.00 0.97 1.00 0.69 0.77 0.97 0.97 0.81 1.00 1.06 0.97 0.97 
2.00 1.29 1.39 1.00 1.39 3.57 2.50 1.03 1.06 1.03 1.52 1.10 1.10 1.03 1.06 1.00 1.71 1.71 1.10 1.00 1.10 1.10 1.00 1.52 1.06 1.03 1.10 1.15 1.10 1.06 1.00 1.00 1.21 1.21 1.06 1.10 1.00 1.52 1.06 1.03 1.15 1.06 1.06 1.03 1.03 2.00 1.15 1.10 1.52 1.06 1.03 1.06 2.50 1.52 1.03 1.03 1.39 1.06 1.00 1.03 1.03 
0.97 0.90 0.95 1.71 0.91 0.90 0.93 0.71 0.77 0.71 0.95 0.78 0.78 0.71 0.72 1.71 1.00 1.00 1.23 1.71 1.23 1.23 1.71 0.97 1.33 1.47 0.74 0.83 0.78 0.72 1.71 1.71 0.89 0.89 1.33 1.23 1.71 0.97 0.77 1.47 1.17 0.77 0.77 0.71 1.47 0.98 0.86 0.82 1.02 0.77 1.47 0.77 0.94 0.97 1.47 0.71 0.94 0.72 1.71 0.71 0.71 
0.97 0.90 0.95 1.71 0.91 0.90 0.93 0.71 0.77 0.71 0.95 0.78 0.78 0.71 0.72 1.71 1.00 1.00 1.23 1.71 1.23 1.23 1.71 0.97 1.33 1.47 0.74 0.83 0.78 0.72 1.71 1.71 0.89 0.89 1.33 1.23 1.71 0.97 0.77 1.47 1.17 0.77 0.77 0.71 1.47 0.98 0.86 0.82 1.02 0.77 1.47 0.77 0.94 0.97 1.47 0.71 0.94 0.72 1.71 0.71 0.71 
0.78 0.90 0.88 1.10 0.83 0.71 0.74 0.94 0.97 0.94 0.79 1.00 1.00 0.94 0.97 1.10 1.23 1.23 1.00 1.10 1.00 1.00 1.10 0.85 0.97 1.06 1.00 0.97 1.00 0.97 1.10 1.10 0.93 0.93 0.97 1.00 1.10 0.85 0.97 0.94 0.97 0.97 0.97 0.94 0.94 1.30 0.97 1.00 1.18 0.97 1.06 0.97 0.74 0.85 0.94 0.94 0.88 0.97 1.10 0.94 0.94 
2.00 1.29 1.39 1.00 1.39 3.57 2.50 1.03 1.06 1.03 1.52 1.10 1.10 1.03 1.06 1.00 1.71 1.71 1.10 1.00 1.10 1.10 1.00 1.52 1.06 1.03 1.10 1.15 1.10 1.06 1.00 1.00 1.21 1.21 1.06 1.10 1.00 1.52 1.06 1.03 1.15 1.06 1.06 1.03 1.03 2.00 1.15 1.10 1.52 1.06 1.03 1.06 2.50 1.52 1.03 1.03 1.39 1.06 1.00 1.03 1.03 
0.78 0.90 0.88 1.10 0.83 0.71 0.74 0.94 0.97 0.94 0.79 1.00 1.00 0.94 0.97 1.10 1.23 1.23 1.00 1.10 1.00 1.00 1.10 0.85 0.97 1.06 1.00 0.97 1.00 0.97 1.10 1.10 0.93 0.93 0.97 1.00 1.10 0.85 0.97 0.94 0.97 0.97 0.97 0.94 0.94 1.30 0.97 1.00 1.18 0.97 1.06 0.97 0.74 0.85 0.94 0.94 0.88 0.97 1.10 0.94 0.94 
0.78 0.90 0.88 1.10 0.83 0.71 0.74 0.94 0.97 0.94 0.79 1.00 1.00 0.94 0.97 1.10 1.23 1.23 1.00 1.10 1.00 1.00 1.10 0.85 0.97 1.06 1.00 0.97 1.00 0.97 1.10 1.10 0.93 0.93 0.97 1.00 1.10 0.85 0.97 0.94 0.97 0.97 0.97 0.94 0.94 1.30 0.97 1.00 1.18 0.97 1.06 0.97 0.74 0.85 0.94 0.94 0.88 0.97 1.10 0.94 0.94 
2.00 1.29 1.39 1.00 1.39 3.57 2.50 1.03 1.06 1.03 1.52 1.10 1.10 1.03 1.06 1.00 1.71 1.71 1.10 1.00 1.10 1.10 1.00 1.52 1.06 1.03 1.10 1.15 1.10 1.06 1.00 1.00 1.21 1.21 1.06 1.10 1.00 1.52 1.06 1.03 1.15 1.06 1.06 1.03 1.03 2.00 1.15 1.10 1.52 1.06 1.03 1.06 2.50 1.52 1.03 1.03 1.39 1.06 1.00 1.03 1.03 
0.89 1.05 0.96 1.52 0.97 0.88 0.89 0.76 0.77 0.76 1.00 0.79 0.79 1.36 0.81 1.52 0.97 0.97 0.85 1.52 0.85 0.85 1.52 1.00 1.25 1.36 1.18 1.12 1.18 1.25 1.52 1.52 0.92 0.92 0.81 0.85 1.52 1.00 0.77 0.76 0.84 0.77 0.77 0.76 0.76 0.94 0.87 0.85 1.00 0.81 1.36 1.25 0.83 1.00 0.76 0.76 0.96 0.77 1.52 0.76 0.76 
0.73 1.14 1.19 1.06 1.19 0.65 0.69 0.97 1.00 0.97 0.81 0.97 0.97 0.97 1.00 1.06 1.33 1.33 0.97 1.06 0.97 0.97 1.06 1.25 1.00 0.97 0.97 0.93 0.97 1.00 1.06 1.06 1.09 1.09 1.00 0.97 1.06 0.77 1.00 0.97 0.93 1.00 1.00 0.97 0.97 1.43 0.94 0.97 1.25 1.00 0.97 1.00 0.69 0.77 0.97 0.97 0.84 1.00 1.06 0.97 0.97 
0.67 0.83 0.80 1.03 0.80 0.58 0.62 1.00 0.97 1.00 0.76 0.94 0.94 1.00 0.97 1.03 1.47 1.47 1.06 1.03 1.06 1.06 1.03 1.36 0.97 1.00 0.94 1.10 1.06 0.97 1.03 1.03 1.14 1.14 0.97 1.06 1.03 0.76 0.97 1.00 0.90 0.97 0.97 1.00 1.00 1.63 1.10 1.06 1.36 1.03 1.00 1.03 0.62 0.76 1.00 1.00 0.80 0.97 1.03 1.00 1.00 
0.68 0.91 0.83 1.10 0.88 0.71 0.70 0.94 0.97 0.94 0.79 1.00 1.00 1.06 0.97 1.10 0.74 0.74 1.00 1.10 1.00 1.00 1.10 1.18 0.97 0.94 1.00 0.97 1.00 1.03 1.10 1.10 0.93 0.93 0.97 1.00 1.10 0.79 0.97 0.94 0.96 0.97 0.97 0.94 0.94 0.74 0.96 1.00 0.79 0.97 0.94 0.97 0.62 0.79 0.94 0.94 0.83 0.97 1.10 0.94 0.94 
0.75 0.94 0.89 1.15 0.86 0.71 0.76 0.90 0.93 0.90 0.84 0.96 0.96 0.90 0.93 1.15 0.83 0.83 0.97 1.15 0.97 0.97 1.15 1.12 0.93 1.10 0.97 1.00 0.97 0.93 1.15 1.15 0.97 0.97 0.93 0.97 1.15 0.84 0.93 0.90 1.00 0.93 0.93 0.90 0.90 0.83 1.00 0.97 0.87 0.94 1.10 1.06 0.70 0.84 0.90 0.90 0.89 0.93 1.15 0.90 0.90 
0.68 0.90 0.83 1.10 0.86 0.65 0.70 0.94 0.97 0.94 0.79 1.00 1.00 1.06 0.97 1.10 0.78 0.78 1.00 1.10 1.00 1.00 1.10 1.18 0.97 1.06 1.00 0.97 1.00 0.97 1.10 1.10 0.94 0.94 0.97 1.00 1.10 0.79 0.97 0.94 0.96 0.97 0.97 0.94 0.94 0.78 0.97 1.00 0.82 0.97 1.06 1.03 0.62 0.79 0.94 0.94 0.83 0.97 1.10 0.94 0.94 
0.68 1.14 0.81 1.06 1.19 1.75 0.69 0.97 1.00 0.97 0.77 0.97 0.97 1.03 1.00 1.06 0.72 0.72 0.97 1.06 0.97 0.97 1.06 1.25 1.00 0.97 1.03 0.93 0.97 1.00 1.06 1.06 0.89 0.89 1.00 0.97 1.06 0.77 1.00 0.97 0.93 1.00 1.00 0.97 0.97 0.68 0.93 0.97 0.77 1.00 0.97 1.00 0.63 0.77 0.97 0.97 0.81 1.00 1.06 0.97 0.97 
2.00 1.29 1.39 1.00 1.39 3.57 2.50 1.03 1.06 1.03 1.52 1.10 1.10 1.03 1.06 1.00 1.71 1.71 1.10 1.00 1.10 1.10 1.00 1.52 1.06 1.03 1.10 1.15 1.10 1.06 1.00 1.00 1.21 1.21 1.06 1.10 1.00 1.52 1.06 1.03 1.15 1.06 1.06 1.03 1.03 2.00 1.15 1.10 1.52 1.06 1.03 1.06 2.50 1.52 1.03 1.03 1.39 1.06 1.00 1.03 1.03 
2.00 1.29 1.39 1.00 1.39 3.57 2.50 1.03 1.06 1.03 1.52 1.10 1.10 1.03 1.06 1.00 1.71 1.71 1.10 1.00 1.10 1.10 1.00 1.52 1.06 1.03 1.10 1.15 1.10 1.06 1.00 1.00 1.21 1.21 1.06 1.10 1.00 1.52 1.06 1.03 1.15 1.06 1.06 1.03 1.03 2.00 1.15 1.10 1.52 1.06 1.03 1.06 2.50 1.52 1.03 1.03 1.39 1.06 1.00 1.03 1.03 
0.77 0.97 0.93 1.21 0.93 0.66 0.71 0.87 0.89 0.87 0.87 0.92 0.92 0.87 0.89 1.21 0.89 0.89 0.93 1.21 0.93 0.93 1.21 0.92 1.09 1.14 0.93 0.97 0.94 0.89 1.21 1.21 1.00 1.00 1.09 1.06 1.21 0.83 0.89 0.87 0.96 0.89 0.89 0.87 0.87 1.16 0.97 0.94 0.92 0.91 1.14 1.09 0.71 0.83 0.87 0.87 0.92 0.89 1.21 0.87 0.87 
0.77 0.97 0.93 1.21 0.93 0.66 0.71 0.87 0.89 0.87 0.87 0.92 0.92 0.87 0.89 1.21 0.89 0.89 0.93 1.21 0.93 0.93 1.21 0.92 1.09 1.14 0.93 0.97 0.94 0.89 1.21 1.21 1.00 1.00 1.09 1.06 1.21 0.83 0.89 0.87 0.96 0.89 0.89 0.87 0.87 1.16 0.97 0.94 0.92 0.91 1.14 1.09 0.71 0.83 0.87 0.87 0.92 0.89 1.21 0.87 0.87 
0.68 0.88 0.84 1.06 0.84 0.57 0.63 0.97 1.00 0.97 0.81 0.97 0.97 0.97 1.00 1.06 1.33 1.33 0.97 1.06 0.97 0.97 1.06 0.81 1.00 0.97 0.97 0.93 0.97 1.00 1.06 1.06 1.09 1.09 1.00 0.97 1.06 0.77 1.00 0.97 0.93 1.00 1.00 0.97 0.97 1.43 0.94 0.97 1.25 1.00 0.97 1.00 0.63 0.77 0.97 0.97 0.81 1.00 1.06 0.97 0.97 
0.74 0.90 0.86 1.10 0.86 0.65 0.70 0.94 0.97 0.94 0.79 1.00 1.00 0.94 0.97 1.10 1.23 1.23 1.00 1.10 1.00 1.00 1.10 0.85 0.97 1.06 1.00 0.97 1.00 0.97 1.10 1.10 1.06 1.06 0.97 1.00 1.10 0.79 0.97 0.94 0.96 0.97 0.97 0.94 0.94 1.30 0.97 1.00 1.18 0.97 1.06 0.97 0.70 0.79 0.94 0.94 0.86 0.97 1.10 0.94 0.94 
2.00 1.29 1.39 1.00 1.39 3.57 2.50 1.03 1.06 1.03 1.52 1.10 1.10 1.03 1.06 1.00 1.71 1.71 1.10 1.00 1.10 1.10 1.00 1.52 1.06 1.03 1.10 1.15 1.10 1.06 1.00 1.00 1.21 1.21 1.06 1.10 1.00 1.52 1.06 1.03 1.15 1.06 1.06 1.03 1.03 2.00 1.15 1.10 1.52 1.06 1.03 1.06 2.50 1.52 1.03 1.03 1.39 1.06 1.00 1.03 1.03 
0.95 0.90 0.96 1.52 0.94 0.88 0.91 0.76 0.81 0.76 1.00 0.79 0.79 0.76 0.77 1.52 0.97 0.97 0.85 1.52 0.85 0.85 1.52 1.00 0.77 0.76 0.79 0.84 0.79 0.77 1.52 1.52 0.83 0.83 0.77 0.79 1.52 1.00 1.25 1.36 1.12 1.25 1.25 1.36 1.36 0.92 0.81 0.79 1.00 0.77 0.76 0.77 0.93 1.00 0.76 1.36 0.97 0.77 1.52 1.36 1.36 
1.43 0.85 0.81 1.06 0.84 0.65 0.69 0.97 1.00 0.97 0.77 0.97 0.97 0.97 1.00 1.06 0.77 0.77 0.97 1.06 0.97 0.97 1.06 0.77 1.00 0.97 0.97 0.93 0.97 1.00 1.06 1.06 0.89 0.89 1.00 0.97 1.06 1.25 1.00 1.03 0.94 1.00 1.00 0.97 1.03 0.68 0.93 0.97 0.77 1.00 0.97 1.00 1.56 1.25 0.97 1.03 1.19 1.00 1.06 0.97 0.97 
1.63 0.83 0.80 1.03 0.80 2.22 1.86 1.00 1.03 1.00 0.76 0.94 0.94 1.00 0.97 1.03 1.47 1.47 0.94 1.03 0.94 0.94 1.03 0.76 0.97 1.00 0.94 0.90 0.94 0.97 1.03 1.03 0.87 0.87 0.97 0.94 1.03 1.36 1.03 1.00 1.10 1.03 1.03 1.00 1.00 0.67 0.90 0.94 0.76 0.97 1.00 0.97 1.86 1.36 1.00 1.00 1.27 0.97 1.03 1.00 1.00 
1.22 0.93 0.92 1.15 0.86 1.36 1.28 0.90 0.94 0.90 0.84 0.96 0.96 0.90 0.93 1.15 1.17 1.17 0.97 1.15 0.97 0.97 1.15 0.84 0.93 0.90 0.96 1.00 0.96 0.93 1.15 1.15 0.96 0.96 0.93 0.96 1.15 1.12 0.94 1.10 1.00 0.94 0.94 0.90 1.10 0.83 1.00 0.96 0.89 0.93 0.90 0.93 1.28 1.12 0.90 0.90 0.92 0.93 1.15 0.90 0.90 
0.73 0.85 0.81 1.06 0.81 0.65 0.69 0.97 1.00 0.97 0.77 0.97 0.97 0.97 1.00 1.06 0.77 0.77 0.97 1.06 0.97 0.97 1.06 0.77 1.00 0.97 0.97 0.93 0.97 1.00 1.06 1.06 0.89 0.89 1.00 0.97 1.06 1.25 1.00 1.03 0.94 1.00 1.00 0.97 1.03 0.68 0.93 0.97 0.77 1.00 0.97 1.00 0.69 1.25 0.97 0.97 0.84 1.00 1.06 0.97 0.97 
0.73 0.85 0.81 1.06 0.81 0.65 0.69 0.97 1.00 0.97 0.77 0.97 0.97 0.97 1.00 1.06 0.77 0.77 0.97 1.06 0.97 0.97 1.06 0.77 1.00 0.97 0.97 0.93 0.97 1.00 1.06 1.06 0.89 0.89 1.00 0.97 1.06 1.25 1.00 1.03 0.94 1.00 1.00 0.97 1.03 0.68 0.93 0.97 0.77 1.00 0.97 1.00 0.69 1.25 0.97 0.97 0.84 1.00 1.06 0.97 0.97 
1.63 0.83 0.80 1.03 0.80 2.22 1.86 1.00 0.97 1.00 1.36 0.94 0.94 1.00 0.97 1.03 0.71 0.71 0.94 1.03 0.94 0.94 1.03 0.76 0.97 1.00 0.94 0.90 0.94 0.97 1.03 1.03 0.87 0.87 0.97 0.94 1.03 1.36 0.97 1.00 0.90 0.97 0.97 1.00 1.00 0.67 0.90 0.94 0.76 0.97 1.00 0.97 1.86 1.36 1.00 1.00 1.27 0.97 1.03 1.00 1.00 
1.63 0.83 0.80 1.03 0.80 2.22 1.86 1.00 1.03 1.00 0.76 0.94 0.94 1.00 0.97 1.03 1.47 1.47 0.94 1.03 0.94 0.94 1.03 0.76 0.97 1.00 0.94 0.90 0.94 0.97 1.03 1.03 0.87 0.87 0.97 0.94 1.03 1.36 1.03 1.00 1.10 1.03 1.03 1.00 1.00 0.67 0.90 0.94 0.76 0.97 1.00 0.97 1.86 1.36 1.00 1.00 1.27 0.97 1.03 1.00 1.00 
1.00 0.86 1.07 2.00 0.86 0.93 0.96 0.67 0.68 0.67 0.92 0.74 0.74 0.67 0.68 2.00 0.98 0.98 1.30 2.00 1.30 1.30 2.00 0.94 1.43 1.63 0.74 0.83 0.78 0.68 2.00 2.00 1.16 1.16 1.43 1.30 2.00 0.92 0.68 0.67 0.83 0.68 0.68 0.67 0.67 1.00 1.22 1.30 1.04 1.43 1.63 1.43 0.96 0.92 1.63 0.67 0.89 0.68 2.00 0.67 0.67 
0.75 0.93 0.92 1.15 0.89 0.65 0.70 0.90 0.93 0.90 0.87 0.97 0.97 0.90 0.93 1.15 0.86 0.86 0.97 1.15 0.97 0.97 1.15 0.87 0.94 1.10 0.96 1.00 0.97 0.93 1.15 1.15 0.97 0.97 0.94 0.97 1.15 0.81 0.93 0.90 1.00 0.93 0.93 0.90 0.90 1.22 1.00 1.03 0.89 1.06 1.10 0.94 0.70 0.81 1.10 0.90 0.86 0.93 1.15 0.90 0.90 
0.68 0.90 0.88 1.10 0.86 0.65 0.70 0.94 0.97 0.94 0.85 1.00 1.00 0.94 0.97 1.10 0.82 0.82 1.00 1.10 1.00 1.00 1.10 0.85 0.97 1.06 1.00 0.97 1.00 0.97 1.10 1.10 0.94 0.94 0.97 1.00 1.10 0.79 0.97 0.94 0.96 0.97 0.97 0.94 0.94 1.30 1.03 1.00 0.85 1.03 1.06 0.97 0.62 0.79 0.94 0.94 0.83 0.97 1.10 0.94 0.94 
0.94 0.93 0.98 1.52 0.96 0.85 0.89 0.76 0.77 0.76 1.00 0.82 0.82 0.76 0.77 1.52 1.02 1.02 1.18 1.52 1.18 1.18 1.52 1.00 1.25 1.36 0.79 0.87 0.82 0.77 1.52 1.52 0.92 0.92 1.25 1.18 1.52 1.00 0.77 0.76 0.89 0.77 0.77 0.76 0.76 1.04 0.89 0.85 1.00 0.81 1.36 0.81 0.91 1.00 1.36 0.76 0.96 0.77 1.52 0.76 0.76 
0.68 0.85 0.84 1.06 0.81 0.65 0.69 0.97 1.00 0.97 0.81 0.97 0.97 0.97 1.00 1.06 0.77 0.77 0.97 1.06 0.97 0.97 1.06 0.81 1.00 1.03 0.97 0.94 0.97 1.00 1.06 1.06 0.91 0.91 1.00 0.97 1.06 0.77 1.00 0.97 0.93 1.00 1.00 0.97 0.97 1.43 1.06 1.03 0.81 1.00 1.03 1.00 0.63 0.77 0.97 0.97 0.81 1.00 1.06 0.97 0.97 
0.67 0.83 0.80 1.03 0.80 0.58 0.62 1.00 0.97 1.00 0.76 0.94 0.94 1.00 0.97 1.03 1.47 1.47 1.06 1.03 1.06 1.06 1.03 1.36 0.97 1.00 0.94 1.10 1.06 0.97 1.03 1.03 1.14 1.14 0.97 1.06 1.03 0.76 0.97 1.00 0.90 0.97 0.97 1.00 1.00 1.63 1.10 1.06 1.36 1.03 1.00 1.03 0.62 0.76 1.00 1.00 0.80 0.97 1.03 1.00 1.00 
0.68 0.85 0.81 1.06 0.81 0.57 0.63 0.97 1.00 0.97 0.77 0.97 0.97 0.97 1.00 1.06 0.77 0.77 0.97 1.06 0.97 0.97 1.06 1.25 1.00 1.03 0.97 1.06 1.03 1.00 1.06 1.06 1.09 1.09 1.00 0.97 1.06 0.77 1.00 0.97 0.93 1.00 1.00 0.97 0.97 1.43 0.94 0.97 0.81 1.00 1.03 1.00 0.63 0.77 0.97 0.97 0.81 1.00 1.06 0.97 0.97 
1.02 0.79 0.89 2.50 0.81 0.97 1.00 0.62 0.69 0.62 0.87 1.39 1.39 0.62 0.69 2.50 0.94 0.94 0.74 2.50 0.74 0.74 2.50 0.83 0.69 0.62 0.62 0.70 0.62 0.63 2.50 2.50 0.71 0.71 0.63 0.70 2.50 0.93 1.56 1.86 1.28 0.69 0.69 1.86 1.86 0.96 0.70 0.62 0.91 0.63 0.62 0.63 1.00 0.93 1.86 1.86 1.11 1.56 2.50 1.86 1.86 
0.95 0.90 0.96 1.52 0.94 0.88 0.91 0.76 0.81 0.76 1.00 0.79 0.79 0.76 0.77 1.52 0.97 0.97 0.85 1.52 0.85 0.85 1.52 1.00 0.77 0.76 0.79 0.84 0.79 0.77 1.52 1.52 0.83 0.83 0.77 0.79 1.52 1.00 1.25 1.36 1.12 1.25 1.25 1.36 1.36 0.92 0.81 0.79 1.00 0.77 0.76 0.77 0.93 1.00 0.76 1.36 0.97 0.77 1.52 1.36 1.36 
1.63 0.83 1.27 1.03 0.80 0.58 0.62 1.00 0.97 1.00 0.76 1.06 1.06 1.00 0.97 1.03 1.47 1.47 0.94 1.03 0.94 0.94 1.03 0.76 0.97 1.00 0.94 0.90 0.94 0.97 1.03 1.03 0.87 0.87 0.97 0.94 1.03 0.76 0.97 1.00 0.90 0.97 0.97 1.00 1.00 1.63 1.10 0.94 1.36 0.97 1.00 0.97 1.86 0.76 1.00 1.00 0.80 0.97 1.03 1.00 1.00 
1.63 0.83 0.80 1.03 1.27 0.58 0.62 1.00 0.97 1.00 0.76 0.94 0.94 1.00 0.97 1.03 0.71 0.71 0.94 1.03 0.94 0.94 1.03 0.76 0.97 1.00 0.94 0.90 0.94 0.97 1.03 1.03 0.87 0.87 0.97 0.94 1.03 1.36 1.03 1.00 0.90 0.97 0.97 1.00 1.00 0.67 0.90 0.94 0.76 0.97 1.00 0.97 1.86 1.36 1.00 1.00 1.27 0.97 1.03 1.00 1.00 
1.07 0.96 1.00 1.39 1.00 0.86 0.89 0.80 0.84 0.80 0.94 0.86 0.86 0.80 0.81 1.39 0.94 0.94 0.88 1.39 0.88 0.88 1.39 0.96 0.84 0.80 0.83 0.89 0.83 0.81 1.39 1.39 0.92 0.92 0.81 0.86 1.39 0.97 1.19 1.27 0.92 0.84 0.84 1.27 1.27 0.89 0.86 0.83 0.96 0.81 0.80 0.81 1.11 0.97 0.80 1.27 1.00 0.84 1.39 1.27 0.80 
1.43 0.85 0.81 1.06 0.81 0.57 0.63 0.97 1.00 0.97 0.81 1.03 1.03 0.97 1.00 1.06 0.72 0.72 0.97 1.06 0.97 0.97 1.06 0.77 1.00 0.97 0.97 0.93 0.97 1.00 1.06 1.06 0.89 0.89 1.00 0.97 1.06 0.77 1.00 0.97 0.93 1.00 1.00 0.97 0.97 0.68 0.93 0.97 0.77 1.00 0.97 1.00 1.56 0.77 0.97 0.97 0.84 1.00 1.06 0.97 0.97 
2.00 1.29 1.39 1.00 1.39 3.57 2.50 1.03 1.06 1.03 1.52 1.10 1.10 1.03 1.06 1.00 1.71 1.71 1.10 1.00 1.10 1.10 1.00 1.52 1.06 1.03 1.10 1.15 1.10 1.06 1.00 1.00 1.21 1.21 1.06 1.10 1.00 1.52 1.06 1.03 1.15 1.06 1.06 1.03 1.03 2.00 1.15 1.10 1.52 1.06 1.03 1.06 2.50 1.52 1.03 1.03 1.39 1.06 1.00 1.03 1.03 
1.63 0.83 0.80 1.03 0.80 2.22 1.86 1.00 0.97 1.00 1.36 0.94 0.94 1.00 0.97 1.03 0.71 0.71 0.94 1.03 0.94 0.94 1.03 0.76 0.97 1.00 0.94 0.90 0.94 0.97 1.03 1.03 0.87 0.87 0.97 0.94 1.03 1.36 0.97 1.00 0.90 0.97 0.97 1.00 1.00 0.67 0.90 0.94 0.76 0.97 1.00 0.97 1.86 1.36 1.00 1.00 1.27 0.97 1.03 1.00 1.00 
0.67 0.83 0.80 1.03 0.80 0.58 0.62 1.00 0.97 1.00 0.76 0.94 0.94 1.00 0.97 1.03 0.71 0.71 0.94 1.03 0.94 0.94 1.03 0.76 0.97 1.00 0.94 0.90 0.94 0.97 1.03 1.03 0.87 0.87 0.97 0.94 1.03 1.36 0.97 1.00 0.90 0.97 0.97 1.00 1.00 0.67 0.90 0.94 0.76 0.97 1.00 0.97 1.86 1.36 1.00 1.00 0.80 0.97 1.03 1.00 1.00 
