0  0  0  0  0  0  0  0  0  0  0  0  0  0  0  0  0  0  0  0  0  0  0  0  0  0  0  0  0  0  0  0  0  0  0  0  0  0  0  0  0  0  0  0  0  0  0  0  0  0  0  0  0  0  0  0  0  0  0  0  0  
0  0  0  0  0  0  0  0  0  0  0  0  0  0  0  0  0  0  0  0  0  0  0  0  0  0  0  0  0  0  0  0  0  0  0  0  0  0  0  0  0  0  0  0  0  0  0  0  0  0  0  0  0  0  0  0  0  0  0  0  0  
0  0  0  0  0  0  0  0  0  0  0  0  0  0  0  0  0  0  0  0  0  0  0  0  0  0  0  0  0  0  0  0  0  0  0  0  0  0  0  0  0  0  0  0  0  0  0  0  0  0  0  0  0  0  0  0  0  0  0  0  0  
0  0  0  0  0  0  0  0  0  0  0  0  0  0  0  0  0  0  0  0  0  0  0  0  0  0  0  0  0  0  0  0  0  0  0  0  0  0  0  0  0  0  0  0  0  0  0  0  0  0  0  0  0  0  0  0  0  0  0  0  0  
0  0  0  0  0  0  0  0  0  0  0  0  0  0  0  0  0  0  0  0  0  0  0  0  0  0  0  0  0  0  0  0  0  0  0  0  0  0  0  0  0  0  0  0  0  0  0  0  0  0  0  0  0  0  0  0  0  0  0  0  0  
0  0  0  0  0  0  0  0  0  0  0  0  0  0  0  0  0  0  0  0  0  0  0  0  0  0  0  0  0  0  0  0  0  0  0  0  0  0  0  0  0  0  0  0  0  0  0  0  0  0  0  0  0  0  0  0  0  0  0  0  0  
0  0  0  0  0  0  0  0  0  0  0  0  0  0  0  0  0  0  0  0  0  0  0  0  0  0  0  0  0  0  0  0  0  0  0  0  0  0  0  0  0  0  0  0  0  0  0  0  0  0  0  0  0  0  0  0  0  0  0  0  0  
0  0  0  0  0  0  0  0  0  0  0  0  0  0  0  0  0  0  0  0  0  0  0  0  0  0  0  0  0  0  0  0  0  0  0  0  0  0  0  0  0  0  0  0  0  0  0  0  0  0  0  0  0  0  0  0  0  0  0  0  0  
0  0  0  0  0  0  0  0  1  0  0  0  0  0  0  0  0  0  0  0  0  0  0  0  0  0  1  1  0  0  0  0  0  0  0  0  0  0  0  1  1  0  0  0  0  0  0  0  0  0  0  0  0  0  0  0  0  0  0  1  1  
0  0  0  0  0  0  0  0  0  2  2  0  0  0  0  0  0  0  0  0  0  0  0  0  0  0  0  2  0  0  0  0  0  0  2  2  2  2  2  2  2  0  0  0  0  0  0  0  0  0  0  0  0  0  0  0  0  0  0  0  0  
0  0  0  0  0  0  0  0  0  2  2  0  0  0  0  0  0  0  0  0  0  0  0  0  0  0  0  2  0  0  0  0  0  0  2  2  2  2  2  2  2  0  0  0  0  0  0  0  0  0  0  0  0  0  0  0  0  0  0  0  0  
0  0  0  0  0  0  0  0  0  0  0  2  0  0  0  0  0  0  0  0  0  0  0  0  0  0  0  0  0  0  0  0  0  0  0  2  2  2  0  0  0  0  0  0  0  0  0  0  0  0  0  0  0  0  0  0  0  0  0  0  0  
0  0  0  0  0  0  0  0  0  0  0  0  1  0  0  0  0  0  0  0  0  0  0  0  0  0  1  0  0  0  0  0  0  0  1  1  1  1  1  0  0  0  0  0  0  0  0  0  0  0  0  0  0  0  1  0  0  0  0  0  0  
0  0  0  0  0  0  0  0  0  0  0  0  0  3  3  3  0  0  0  0  0  0  0  0  0  0  0  0  0  3  3  3  3  3  3  3  0  0  0  0  0  0  0  0  0  0  3  0  0  0  0  0  0  0  0  0  0  0  0  0  0  
0  0  0  0  0  0  0  0  0  0  0  0  0  3  8  8  4  2  0  0  0  0  0  0  0  0  0  2  0  3  3  3  3  3  8  8  0  0  2  0  0  0  0  0  0  0  3  0  0  0  0  0  0  0  0  0  0  0  0  0  0  
0  0  0  0  0  0  0  0  0  0  0  0  0  3  8  8  4  2  0  0  0  0  0  0  0  0  0  2  0  3  3  3  3  3  8  8  0  0  2  0  0  0  0  0  0  0  3  0  0  0  0  0  0  0  0  0  0  0  0  0  0  
0  0  0  0  0  0  0  0  0  0  0  0  0  0  4  4  4  2  0  0  0  0  0  0  0  0  0  2  0  0  0  0  0  0  4  4  0  0  2  0  0  0  0  0  0  0  0  0  0  0  0  0  0  0  0  0  0  0  0  0  0  
0  0  0  0  0  0  0  0  0  0  0  0  0  0  2  2  2  5  2  2  2  2  0  0  0  0  2  2  0  0  0  0  0  0  2  2  0  0  0  2  2  2  2  0  0  0  0  0  0  0  0  0  0  0  0  0  0  0  0  0  0  
0  0  0  0  0  0  0  0  0  0  0  0  0  0  0  0  0  2  7  5  2  2  2  2  0  0  2  0  0  0  2  4  2  2  0  0  0  0  0  2  2  7  2  4  4  2  2  2  2  4  4  2  2  2  0  0  0  0  0  0  0  
0  0  0  0  0  0  0  0  0  0  0  0  0  0  0  0  0  2  5  8  5  2  0  0  0  0  5  0  0  0  0  2  0  0  0  0  0  0  0  2  5  8  5  2  2  0  0  0  0  2  2  0  0  0  0  0  0  0  0  0  0  
0  0  0  0  0  0  0  0  0  0  0  0  0  0  0  0  0  2  2  5  5  2  0  0  0  0  5  0  0  0  0  0  0  0  0  0  0  0  0  2  5  5  5  0  0  0  0  0  0  0  0  0  0  0  0  0  0  0  0  0  0  
0  0  0  0  0  0  0  0  0  0  0  0  0  0  0  0  0  2  2  2  2  2  0  0  0  0  2  0  0  0  0  0  0  0  0  0  0  0  0  2  2  2  2  0  0  0  0  0  0  0  0  0  0  0  0  0  0  0  0  0  0  
0  0  0  0  0  0  0  0  0  0  0  0  0  0  0  0  0  0  2  0  0  0  2  2  0  0  0  0  0  0  2  2  2  2  0  0  0  0  0  0  0  2  0  2  2  2  2  2  2  2  2  2  2  2  0  0  0  0  0  0  0  
0  0  0  0  0  0  0  0  0  0  0  0  0  0  0  0  0  0  2  0  0  0  2  2  0  0  0  0  0  0  2  2  2  2  0  0  0  0  0  0  0  2  0  2  2  2  2  2  2  2  2  2  2  2  0  0  0  0  0  0  0  
0  0  0  0  0  0  0  0  0  0  0  0  0  0  0  0  0  0  0  0  0  0  0  0  4  1  1  1  0  1  4  4  4  4  0  0  0  0  0  0  0  1  1  4  4  2  1  1  0  0  0  0  0  0  0  0  0  0  0  0  0  
0  0  0  0  0  0  0  0  0  0  0  0  0  0  0  0  0  0  0  0  0  0  0  0  1  3  3  1  0  3  3  3  3  3  2  2  0  0  2  2  2  3  3  3  3  2  1  1  0  0  0  0  0  0  0  0  0  0  0  0  0  
0  0  0  0  0  0  0  0  1  0  0  0  1  0  0  0  0  2  2  5  5  2  0  0  1  3  15 5  0  3  3  3  3  3  4  4  1  1  4  9  12 9  9  3  3  2  1  1  0  0  0  0  0  0  1  0  0  0  0  1  1  
0  0  0  0  0  0  0  0  1  2  2  0  0  0  2  2  2  2  0  0  0  0  0  0  1  1  5  19 2  7  3  7  3  3  8  8  5  5  2  15 15 4  4  1  1  0  4  4  3  0  2  0  0  0  0  0  0  0  0  1  1  
0  0  0  0  0  0  0  0  0  0  0  0  0  0  0  0  0  0  0  0  0  0  0  0  0  0  0  2  13 9  9  9  13 13 13 13 13 13 10 13 13 2  2  0  0  0  0  0  0  0  2  6  6  6  3  3  3  3  3  3  0  
0  0  0  0  0  0  0  0  0  0  0  0  0  3  3  3  0  0  0  0  0  0  0  0  1  3  3  7  9  20 16 20 16 16 15 15 9  9  9  15 15 6  6  3  3  2  7  4  3  0  2  6  6  6  0  0  0  0  0  0  0  
0  0  0  0  0  0  0  0  0  0  0  0  0  3  3  3  0  0  2  0  0  0  2  2  4  3  3  3  9  16 21 21 21 21 15 15 9  9  9  12 12 9  6  9  9  7  6  3  2  2  5  9  9  9  0  0  0  0  0  0  0  
0  0  0  0  0  0  0  0  0  0  0  0  0  3  3  3  0  0  4  2  0  0  2  2  4  3  3  7  9  20 21 27 21 21 15 15 9  9  9  15 15 11 6  11 11 7  9  6  5  4  7  9  9  9  0  0  0  0  0  0  0  
0  0  0  0  0  0  0  0  0  0  0  0  0  3  3  3  0  0  2  0  0  0  2  2  4  3  3  3  13 16 21 21 25 25 19 19 13 13 13 16 16 9  6  9  9  7  6  3  2  2  5  9  9  9  3  3  3  3  3  3  0  
0  0  0  0  0  0  0  0  0  0  0  0  0  3  3  3  0  0  2  0  0  0  2  2  4  3  3  3  13 16 21 21 25 25 19 19 13 13 13 16 16 9  6  9  9  7  6  3  2  2  5  9  9  9  3  3  3  3  3  3  0  
0  0  0  0  0  0  0  0  0  2  2  0  1  3  8  8  4  2  0  0  0  0  0  0  0  2  4  8  13 15 15 15 19 19 28 28 17 17 20 18 18 5  5  2  2  2  3  0  0  0  2  6  6  6  5  3  3  3  3  3  0  
0  0  0  0  0  0  0  0  0  2  2  2  1  3  8  8  4  2  0  0  0  0  0  0  0  2  4  8  13 15 15 15 19 19 28 31 20 20 20 18 18 5  5  2  2  2  3  0  0  0  2  6  6  6  5  3  3  3  3  3  0  
0  0  0  0  0  0  0  0  0  2  2  2  1  0  0  0  0  0  0  0  0  0  0  0  0  0  1  5  13 9  9  9  13 13 17 20 23 23 15 16 16 2  2  0  0  0  0  0  0  0  2  6  6  6  5  5  5  3  3  3  0  
0  0  0  0  0  0  0  0  0  2  2  2  1  0  0  0  0  0  0  0  0  0  0  0  0  0  1  5  13 9  9  9  13 13 17 20 23 23 15 16 16 2  2  0  0  0  0  0  0  0  2  6  6  6  5  5  5  3  3  3  0  
0  0  0  0  0  0  0  0  0  2  2  0  1  0  2  2  2  0  0  0  0  0  0  0  0  2  4  2  10 9  9  9  13 13 20 20 15 15 20 16 16 5  5  2  2  2  0  0  0  0  2  6  6  6  5  3  3  3  3  3  0  
0  0  0  0  0  0  0  0  1  2  2  0  0  0  0  0  0  2  2  2  2  2  0  0  0  2  9  15 13 15 12 15 16 16 18 18 16 16 16 32 32 11 11 2  2  2  3  3  3  0  5  6  6  6  3  3  3  3  3  5  1  
0  0  0  0  0  0  0  0  1  2  2  0  0  0  0  0  0  2  2  5  5  2  0  0  0  2  12 15 13 15 12 15 16 16 18 18 16 16 16 32 34 14 14 2  2  2  3  3  3  0  5  6  6  6  3  3  3  3  3  5  1  
0  0  0  0  0  0  0  0  0  0  0  0  0  0  0  0  0  2  7  8  5  2  2  2  1  3  9  4  2  6  9  11 9  9  5  5  2  2  5  11 14 20 15 8  8  4  3  3  2  4  10 5  5  5  0  0  0  0  0  0  0  
0  0  0  0  0  0  0  0  0  0  0  0  0  0  0  0  0  2  2  5  5  2  0  0  1  3  9  4  2  6  6  6  6  6  5  5  2  2  5  11 14 15 15 3  3  2  1  1  0  0  5  2  2  2  0  0  0  0  0  0  0  
0  0  0  0  0  0  0  0  0  0  0  0  0  0  0  0  0  0  4  2  0  0  2  2  4  3  3  1  0  3  9  11 9  9  2  2  0  0  2  2  2  8  3  11 11 7  3  3  2  4  4  2  2  2  0  0  0  0  0  0  0  
0  0  0  0  0  0  0  0  0  0  0  0  0  0  0  0  0  0  4  2  0  0  2  2  4  3  3  1  0  3  9  11 9  9  2  2  0  0  2  2  2  8  3  11 11 7  3  3  2  4  4  2  2  2  0  0  0  0  0  0  0  
0  0  0  0  0  0  0  0  0  0  0  0  0  0  0  0  0  0  2  0  0  0  2  2  2  2  2  0  0  2  7  7  7  7  2  2  0  0  2  2  2  4  2  7  7  7  2  2  2  2  2  2  2  2  0  0  0  0  0  0  0  
0  0  0  0  0  0  0  0  0  0  0  0  0  3  3  3  0  0  2  0  0  0  2  2  1  1  1  4  0  7  6  9  6  6  3  3  0  0  0  3  3  3  1  3  3  2  9  6  5  2  2  2  2  2  0  0  0  0  0  0  0  
0  0  0  0  0  0  0  0  0  0  0  0  0  0  0  0  0  0  2  0  0  0  2  2  1  1  1  4  0  4  3  6  3  3  0  0  0  0  0  3  3  3  1  3  3  2  6  6  5  2  2  2  2  2  0  0  0  0  0  0  0  
0  0  0  0  0  0  0  0  0  0  0  0  0  0  0  0  0  0  2  0  0  0  2  2  0  0  0  3  0  3  2  5  2  2  0  0  0  0  0  3  3  2  0  2  2  2  5  5  5  2  2  2  2  2  0  0  0  0  0  0  0  
0  0  0  0  0  0  0  0  0  0  0  0  0  0  0  0  0  0  4  2  0  0  2  2  0  0  0  0  0  0  2  4  2  2  0  0  0  0  0  0  0  4  0  4  4  2  2  2  2  4  4  2  2  2  0  0  0  0  0  0  0  
0  0  0  0  0  0  0  0  0  0  0  0  0  0  0  0  0  0  4  2  0  0  2  2  0  0  0  2  2  2  5  7  5  5  2  2  2  2  2  5  5  10 5  4  4  2  2  2  2  4  10 5  5  5  0  0  0  0  0  0  0  
0  0  0  0  0  0  0  0  0  0  0  0  0  0  0  0  0  0  2  0  0  0  2  2  0  0  0  0  6  6  9  9  9  9  6  6  6  6  6  6  6  5  2  2  2  2  2  2  2  2  5  9  9  9  0  0  0  0  0  0  0  
0  0  0  0  0  0  0  0  0  0  0  0  0  0  0  0  0  0  2  0  0  0  2  2  0  0  0  0  6  6  9  9  9  9  6  6  6  6  6  6  6  5  2  2  2  2  2  2  2  2  5  9  9  9  0  0  0  0  0  0  0  
0  0  0  0  0  0  0  0  0  0  0  0  0  0  0  0  0  0  2  0  0  0  2  2  0  0  0  0  6  6  9  9  9  9  6  6  6  6  6  6  6  5  2  2  2  2  2  2  2  2  5  9  9  9  0  0  0  0  0  0  0  
0  0  0  0  0  0  0  0  0  0  0  0  1  0  0  0  0  0  0  0  0  0  0  0  0  0  1  0  3  0  0  0  3  3  5  5  5  5  5  3  3  0  0  0  0  0  0  0  0  0  0  0  0  0  5  3  3  3  3  3  0  
0  0  0  0  0  0  0  0  0  0  0  0  0  0  0  0  0  0  0  0  0  0  0  0  0  0  0  0  3  0  0  0  3  3  3  3  5  5  3  3  3  0  0  0  0  0  0  0  0  0  0  0  0  0  3  5  5  3  3  3  0  
0  0  0  0  0  0  0  0  0  0  0  0  0  0  0  0  0  0  0  0  0  0  0  0  0  0  0  0  3  0  0  0  3  3  3  3  5  5  3  3  3  0  0  0  0  0  0  0  0  0  0  0  0  0  3  5  5  3  3  3  0  
0  0  0  0  0  0  0  0  0  0  0  0  0  0  0  0  0  0  0  0  0  0  0  0  0  0  0  0  3  0  0  0  3  3  3  3  3  3  3  3  3  0  0  0  0  0  0  0  0  0  0  0  0  0  3  3  3  3  3  3  0  
0  0  0  0  0  0  0  0  0  0  0  0  0  0  0  0  0  0  0  0  0  0  0  0  0  0  0  0  3  0  0  0  3  3  3  3  3  3  3  3  3  0  0  0  0  0  0  0  0  0  0  0  0  0  3  3  3  3  3  3  0  
0  0  0  0  0  0  0  0  1  0  0  0  0  0  0  0  0  0  0  0  0  0  0  0  0  0  1  1  3  0  0  0  3  3  3  3  3  3  3  5  5  0  0  0  0  0  0  0  0  0  0  0  0  0  3  3  3  3  3  5  1  
0  0  0  0  0  0  0  0  1  0  0  0  0  0  0  0  0  0  0  0  0  0  0  0  0  0  1  1  0  0  0  0  0  0  0  0  0  0  0  1  1  0  0  0  0  0  0  0  0  0  0  0  0  0  0  0  0  0  0  1  1  
