1.00 1.00 1.00 0.97 1.00 0.97 0.97 1.00 0.97 0.93 0.97 1.00 1.00 0.97 0.97 1.00 0.97 0.97 1.00 0.97 0.97 0.97 0.89 0.89 0.81 0.81 0.77 0.68 0.72 0.72 0.81 0.77 0.77 0.73 0.69 0.65 0.69 0.81 0.84 1.00 0.97 1.03 0.97 0.97 1.06 1.06 1.06 1.06 1.06 1.06 1.06 1.06 0.97 0.97 0.93 0.97 1.00 0.88 0.93 0.97 0.97 
1.00 1.00 1.00 0.97 1.00 0.97 0.97 1.00 0.97 0.93 0.97 1.00 1.00 0.97 0.97 1.00 0.97 0.97 1.00 0.97 0.97 0.97 0.89 0.89 0.81 0.77 0.77 0.68 0.77 0.77 0.84 1.25 1.25 0.73 0.69 0.65 0.69 0.77 0.81 1.00 0.97 0.97 0.97 0.97 1.06 1.06 1.06 1.06 1.06 1.06 1.06 1.06 1.03 1.03 0.94 0.97 1.00 0.85 0.93 0.97 0.97 
1.00 1.00 1.00 0.97 1.00 0.97 0.97 1.00 0.97 0.93 0.97 1.00 1.00 0.97 0.97 1.00 0.97 0.97 1.00 0.97 0.97 0.97 0.89 0.89 0.81 0.77 0.77 0.68 0.77 0.77 0.84 1.25 1.25 0.73 0.69 0.65 0.69 0.77 0.81 1.00 0.97 0.97 0.97 0.97 1.06 1.06 1.06 1.06 1.06 1.06 1.06 1.06 1.03 1.03 0.94 0.97 1.00 0.85 0.93 0.97 0.97 
0.97 0.97 0.97 1.00 1.03 0.94 0.94 0.97 1.00 0.97 1.00 0.97 0.97 1.00 1.00 0.97 0.94 0.94 0.97 1.06 1.00 1.00 0.92 0.92 0.86 0.79 0.82 0.74 0.78 0.78 0.86 0.79 0.79 1.30 1.39 0.56 0.62 0.82 0.83 0.97 0.94 0.94 0.94 0.94 1.10 1.10 1.10 1.10 1.10 1.10 1.10 1.10 0.94 0.94 0.96 0.94 0.97 0.88 0.96 1.00 1.00 
1.00 1.00 1.00 1.03 1.00 0.97 0.97 1.00 1.03 0.93 0.97 1.00 1.00 0.97 0.97 1.00 0.97 0.97 1.00 0.97 0.97 0.97 0.89 0.89 0.81 0.77 0.77 0.68 0.72 0.72 0.84 0.77 0.77 1.43 1.56 0.57 0.63 0.81 0.81 1.00 0.97 0.97 0.97 0.97 1.06 1.06 1.06 1.06 1.06 1.06 1.06 1.06 0.97 0.97 0.93 0.97 1.00 0.85 0.93 0.97 0.97 
0.97 0.97 0.97 0.94 0.97 1.00 1.00 0.97 0.94 0.90 0.94 0.97 0.97 0.94 0.94 0.97 1.00 1.00 0.97 1.00 0.94 0.94 0.87 0.87 0.80 0.76 0.76 0.67 0.71 0.71 0.80 1.36 1.36 0.67 1.86 0.58 0.62 0.76 0.80 0.97 1.00 1.00 1.00 1.00 1.03 1.03 1.03 1.03 1.03 1.03 1.03 1.03 1.00 1.00 0.90 1.00 0.97 0.83 0.90 0.94 0.94 
0.97 0.97 0.97 0.94 0.97 1.00 1.00 1.03 0.94 0.90 0.94 0.97 0.97 0.94 0.94 0.97 1.00 1.00 0.97 1.00 0.94 0.94 0.87 0.87 0.80 0.76 0.76 0.67 0.71 0.71 1.27 1.36 1.36 1.63 1.86 0.58 0.62 0.76 1.27 0.97 1.00 1.00 1.00 1.00 1.03 1.03 1.03 1.03 1.03 1.03 1.03 1.03 1.00 1.00 0.90 1.00 0.97 0.83 0.90 0.94 0.94 
1.00 1.00 1.00 0.97 1.00 0.97 1.03 1.00 0.97 0.93 0.97 1.00 1.00 0.97 0.97 1.00 0.97 0.97 1.00 0.97 0.97 0.97 0.89 0.89 0.81 0.77 0.77 0.68 0.77 0.77 1.19 1.25 1.25 1.43 1.56 0.65 0.69 0.77 0.84 1.00 0.97 0.97 0.97 0.97 1.06 1.06 1.06 1.06 1.06 1.06 1.06 1.06 1.03 1.03 0.94 0.97 1.00 0.85 0.93 0.97 0.97 
0.97 0.97 0.97 1.00 1.03 0.94 0.94 0.97 1.00 0.97 1.00 0.97 0.97 1.00 1.00 0.97 0.94 0.94 0.97 1.06 1.00 1.00 0.92 0.92 0.86 0.79 0.82 0.74 0.78 0.78 0.86 0.79 0.79 1.30 1.39 0.56 0.62 0.82 0.83 0.97 0.94 0.94 0.94 0.94 1.10 1.10 1.10 1.10 1.10 1.10 1.10 1.10 0.94 0.94 0.96 0.94 0.97 0.88 0.96 1.00 1.00 
0.93 0.93 0.93 0.97 0.93 0.90 0.90 0.93 0.97 1.00 1.03 0.94 1.06 0.97 0.97 0.94 1.10 1.10 0.94 1.10 0.97 0.97 0.97 0.97 0.92 0.87 0.89 1.22 0.86 0.86 0.86 0.81 0.81 0.75 0.70 0.65 0.70 0.87 0.89 0.93 0.90 0.90 0.90 0.90 1.15 1.15 1.15 1.15 1.15 1.15 1.15 1.15 0.90 0.90 1.00 0.90 0.93 0.93 1.00 0.97 0.96 
0.97 0.97 0.97 1.00 0.97 0.94 0.94 0.97 1.00 1.03 1.00 0.97 1.03 1.00 1.00 0.97 1.06 1.06 0.97 0.94 1.00 1.00 0.94 0.94 0.88 0.85 0.85 1.30 0.82 0.82 0.83 0.79 0.79 0.68 0.62 0.65 0.70 0.85 0.86 0.97 0.94 0.94 0.94 0.94 1.10 1.10 1.10 1.10 1.10 1.10 1.10 1.10 0.94 0.94 0.96 0.94 0.97 0.90 0.97 1.00 1.00 
1.00 1.00 1.00 0.97 1.00 0.97 0.97 1.00 0.97 0.94 0.97 1.00 1.00 0.97 0.97 1.00 1.03 1.03 1.00 0.97 0.97 0.97 1.09 1.09 0.81 1.25 0.81 1.43 0.77 0.77 0.81 0.77 0.77 0.68 0.63 0.57 0.63 0.77 0.81 1.00 0.97 0.97 0.97 0.97 1.06 1.06 1.06 1.06 1.06 1.06 1.06 1.06 0.97 0.97 0.93 0.97 1.00 0.85 1.06 1.03 0.97 
1.00 1.00 1.00 0.97 1.00 0.97 0.97 1.00 0.97 1.06 1.03 1.00 1.00 0.97 0.97 1.00 1.03 1.03 1.00 0.97 0.97 0.97 0.91 0.91 0.84 0.81 0.81 1.43 0.77 0.77 0.81 0.77 0.77 0.68 0.63 0.65 0.69 0.81 0.81 1.00 0.97 0.97 0.97 0.97 1.06 1.06 1.06 1.06 1.06 1.06 1.06 1.06 0.97 0.97 0.93 0.97 1.00 0.85 0.94 0.97 0.97 
0.97 0.97 0.97 1.00 0.97 0.94 0.94 0.97 1.00 0.97 1.00 0.97 0.97 1.00 1.00 0.97 1.06 1.06 0.97 0.94 1.00 1.00 0.93 0.93 0.88 0.85 1.18 1.30 1.23 1.23 0.88 0.85 0.85 0.78 0.74 0.71 0.74 0.79 0.83 0.97 0.94 0.94 0.94 0.94 1.10 1.10 1.10 1.10 1.10 1.10 1.10 1.10 0.94 0.94 0.97 0.94 0.97 0.90 0.97 1.00 1.00 
0.97 0.97 0.97 1.00 0.97 0.94 0.94 0.97 1.00 0.97 1.00 0.97 0.97 1.00 1.00 0.97 1.06 1.06 0.97 0.94 1.00 1.00 1.06 1.06 0.86 0.85 1.18 1.30 1.23 1.23 0.86 0.79 0.79 0.74 0.70 0.65 0.70 0.79 0.86 0.97 0.94 0.94 0.94 0.94 1.10 1.10 1.10 1.10 1.10 1.10 1.10 1.10 0.94 0.94 0.96 0.94 0.97 0.90 0.97 1.00 1.00 
1.00 1.00 1.00 0.97 1.00 0.97 0.97 1.00 0.97 0.94 0.97 1.00 1.00 0.97 0.97 1.00 0.97 0.97 1.00 0.97 0.97 0.97 1.09 1.09 0.84 0.81 1.25 1.43 1.33 1.33 0.81 0.77 0.77 0.68 0.63 0.57 0.63 0.81 0.84 1.00 0.97 0.97 0.97 0.97 1.06 1.06 1.06 1.06 1.06 1.06 1.06 1.06 0.97 0.97 0.93 0.97 1.00 0.88 0.93 0.97 0.97 
0.97 0.97 0.97 0.94 0.97 1.00 1.00 0.97 0.94 1.10 1.06 1.03 1.03 1.06 1.06 0.97 1.00 1.00 0.97 1.00 1.06 1.06 1.14 1.14 0.80 1.36 1.36 1.63 1.47 1.47 0.80 0.76 0.76 0.67 0.62 0.58 0.62 0.76 0.80 0.97 1.00 1.00 1.00 1.00 1.03 1.03 1.03 1.03 1.03 1.03 1.03 1.03 1.00 1.00 0.90 1.00 0.97 0.83 1.10 1.06 0.94 
0.97 0.97 0.97 0.94 0.97 1.00 1.00 0.97 0.94 1.10 1.06 1.03 1.03 1.06 1.06 0.97 1.00 1.00 0.97 1.00 1.06 1.06 1.14 1.14 0.80 1.36 1.36 1.63 1.47 1.47 0.80 0.76 0.76 0.67 0.62 0.58 0.62 0.76 0.80 0.97 1.00 1.00 1.00 1.00 1.03 1.03 1.03 1.03 1.03 1.03 1.03 1.03 1.00 1.00 0.90 1.00 0.97 0.83 1.10 1.06 0.94 
1.00 1.00 1.00 0.97 1.00 0.97 0.97 1.00 0.97 0.94 0.97 1.00 1.00 0.97 0.97 1.00 0.97 0.97 1.00 0.97 0.97 0.97 1.09 1.09 1.19 1.25 1.25 1.43 1.33 1.33 0.84 0.77 0.77 0.73 0.69 0.65 0.69 0.81 1.19 1.00 0.97 0.97 0.97 0.97 1.06 1.06 1.06 1.06 1.06 1.06 1.06 1.06 0.97 0.97 0.93 0.97 1.00 1.14 0.93 0.97 0.97 
0.97 0.97 0.97 1.06 0.97 1.00 1.00 0.97 1.06 1.10 0.94 0.97 0.97 0.94 0.94 0.97 1.00 1.00 0.97 1.00 0.94 0.94 0.87 0.87 1.27 0.76 1.36 1.63 1.47 1.47 0.80 0.76 0.76 1.63 1.86 0.58 0.62 0.76 0.80 0.97 1.00 1.00 1.00 1.00 1.03 1.03 1.03 1.03 1.03 1.03 1.03 1.03 1.00 1.00 0.90 1.00 0.97 0.83 0.90 0.94 0.94 
0.97 0.97 0.97 1.00 0.97 0.94 0.94 0.97 1.00 0.97 1.00 0.97 0.97 1.00 1.00 0.97 1.06 1.06 0.97 0.94 1.00 1.00 0.93 0.93 0.88 0.85 1.18 1.30 1.23 1.23 0.88 0.85 0.85 0.78 0.74 0.71 0.74 0.79 0.83 0.97 0.94 0.94 0.94 0.94 1.10 1.10 1.10 1.10 1.10 1.10 1.10 1.10 0.94 0.94 0.97 0.94 0.97 0.90 0.97 1.00 1.00 
0.97 0.97 0.97 1.00 0.97 0.94 0.94 0.97 1.00 0.97 1.00 0.97 0.97 1.00 1.00 0.97 1.06 1.06 0.97 0.94 1.00 1.00 0.93 0.93 0.88 0.85 1.18 1.30 1.23 1.23 0.88 0.85 0.85 0.78 0.74 0.71 0.74 0.79 0.83 0.97 0.94 0.94 0.94 0.94 1.10 1.10 1.10 1.10 1.10 1.10 1.10 1.10 0.94 0.94 0.97 0.94 0.97 0.90 0.97 1.00 1.00 
0.89 0.89 0.89 0.92 0.89 0.87 0.87 0.89 0.92 0.97 0.94 1.09 0.91 0.93 1.06 1.09 1.14 1.14 1.09 0.87 0.93 0.93 1.00 1.00 0.93 0.92 0.92 1.16 0.89 0.89 0.92 0.83 0.83 0.77 0.71 0.66 0.71 0.87 0.93 0.89 0.87 0.87 0.87 0.87 1.21 1.21 1.21 1.21 1.21 1.21 1.21 1.21 0.87 0.87 0.96 0.87 0.89 0.97 0.97 0.94 0.93 
0.89 0.89 0.89 0.92 0.89 0.87 0.87 0.89 0.92 0.97 0.94 1.09 0.91 0.93 1.06 1.09 1.14 1.14 1.09 0.87 0.93 0.93 1.00 1.00 0.93 0.92 0.92 1.16 0.89 0.89 0.92 0.83 0.83 0.77 0.71 0.66 0.71 0.87 0.93 0.89 0.87 0.87 0.87 0.87 1.21 1.21 1.21 1.21 1.21 1.21 1.21 1.21 0.87 0.87 0.96 0.87 0.89 0.97 0.97 0.94 0.93 
0.81 0.81 0.81 0.86 0.81 0.80 0.80 0.81 0.86 0.92 0.88 0.81 0.84 0.88 0.86 0.84 0.80 0.80 1.19 1.27 0.88 0.88 0.93 0.93 1.00 0.96 0.98 1.07 0.95 0.95 1.00 0.96 0.96 0.92 0.89 0.86 0.89 0.96 1.00 0.81 0.80 0.80 0.80 0.80 1.39 1.39 1.39 1.39 1.39 1.39 1.39 1.39 0.80 0.80 0.92 0.80 0.81 0.97 0.89 0.83 0.83 
0.81 0.77 0.77 0.79 0.77 0.76 0.76 0.77 0.79 0.87 0.85 1.25 0.81 0.85 0.85 0.81 1.36 1.36 1.25 0.76 0.85 0.85 0.92 0.92 0.96 1.00 1.00 0.94 0.97 0.97 0.96 1.00 1.00 0.89 0.83 0.88 0.89 1.00 0.97 0.77 0.76 1.36 0.76 0.76 1.52 1.52 1.52 1.52 1.52 1.52 1.52 1.52 0.76 0.76 0.84 0.76 1.25 1.05 1.12 1.18 1.18 
0.77 0.77 0.77 0.82 0.77 0.76 0.76 0.77 0.82 0.89 0.85 0.81 0.81 1.18 1.18 1.25 1.36 1.36 1.25 1.36 1.18 1.18 0.92 0.92 0.98 1.00 1.00 1.04 1.02 1.02 0.96 1.00 1.00 0.94 0.91 0.85 0.89 1.00 0.96 0.77 0.76 0.76 0.76 0.76 1.52 1.52 1.52 1.52 1.52 1.52 1.52 1.52 0.76 0.76 0.89 0.76 0.77 0.93 0.87 0.82 0.79 
0.68 0.68 0.68 0.74 0.68 0.67 0.67 0.68 0.74 1.22 1.30 1.43 1.43 1.30 1.30 1.43 1.63 1.63 1.43 1.63 1.30 1.30 1.16 1.16 1.07 0.94 1.04 1.00 0.98 0.98 0.89 0.92 0.92 1.00 0.96 0.93 0.96 0.92 0.86 0.68 0.67 0.67 0.67 0.67 2.00 2.00 2.00 2.00 2.00 2.00 2.00 2.00 0.67 0.67 0.83 0.67 0.68 0.86 0.83 0.78 0.74 
0.72 0.77 0.77 0.78 0.72 0.71 0.71 0.77 0.78 0.86 0.82 0.77 0.77 1.23 1.23 1.33 1.47 1.47 1.33 1.47 1.23 1.23 0.89 0.89 0.95 0.97 1.02 0.98 1.00 1.00 0.94 0.97 0.97 0.97 0.94 0.90 0.93 0.95 0.91 0.77 0.71 0.71 0.71 0.71 1.71 1.71 1.71 1.71 1.71 1.71 1.71 1.71 1.47 1.47 1.17 0.71 0.72 0.90 0.83 0.78 0.74 
0.72 0.77 0.77 0.78 0.72 0.71 0.71 0.77 0.78 0.86 0.82 0.77 0.77 1.23 1.23 1.33 1.47 1.47 1.33 1.47 1.23 1.23 0.89 0.89 0.95 0.97 1.02 0.98 1.00 1.00 0.94 0.97 0.97 0.97 0.94 0.90 0.93 0.95 0.91 0.77 0.71 0.71 0.71 0.71 1.71 1.71 1.71 1.71 1.71 1.71 1.71 1.71 1.47 1.47 1.17 0.71 0.72 0.90 0.83 0.78 0.74 
0.81 0.84 0.84 0.86 0.84 0.80 1.27 1.19 0.86 0.86 0.83 0.81 0.81 0.88 0.86 0.81 0.80 0.80 0.84 0.80 0.88 0.88 0.92 0.92 1.00 0.96 0.96 0.89 0.94 0.94 1.00 0.97 0.97 1.07 1.11 0.86 0.89 0.94 1.00 0.84 0.80 0.80 1.27 1.27 1.39 1.39 1.39 1.39 1.39 1.39 1.39 1.39 1.27 1.27 0.92 0.80 0.81 0.96 0.89 0.83 0.83 
0.77 1.25 1.25 0.79 0.77 1.36 1.36 1.25 0.79 0.81 0.79 0.77 0.77 0.85 0.79 0.77 0.76 0.76 0.77 0.76 0.85 0.85 0.83 0.83 0.96 1.00 1.00 0.92 0.97 0.97 0.97 1.00 1.00 0.95 0.93 0.88 0.91 1.00 0.94 0.81 0.76 0.76 1.36 1.36 1.52 1.52 1.52 1.52 1.52 1.52 1.52 1.52 1.36 1.36 1.12 0.76 0.77 0.90 0.84 0.79 0.79 
0.77 1.25 1.25 0.79 0.77 1.36 1.36 1.25 0.79 0.81 0.79 0.77 0.77 0.85 0.79 0.77 0.76 0.76 0.77 0.76 0.85 0.85 0.83 0.83 0.96 1.00 1.00 0.92 0.97 0.97 0.97 1.00 1.00 0.95 0.93 0.88 0.91 1.00 0.94 0.81 0.76 0.76 1.36 1.36 1.52 1.52 1.52 1.52 1.52 1.52 1.52 1.52 1.36 1.36 1.12 0.76 0.77 0.90 0.84 0.79 0.79 
0.73 0.73 0.73 1.30 1.43 0.67 1.63 1.43 1.30 0.75 0.68 0.68 0.68 0.78 0.74 0.68 0.67 0.67 0.73 1.63 0.78 0.78 0.77 0.77 0.92 0.89 0.94 1.00 0.97 0.97 1.07 0.95 0.95 1.00 1.02 0.94 0.97 0.92 0.86 0.73 0.67 0.67 1.63 1.63 2.00 2.00 2.00 2.00 2.00 2.00 2.00 2.00 1.63 1.63 1.22 0.67 0.68 0.83 0.75 0.68 0.68 
0.69 0.69 0.69 1.39 1.56 1.86 1.86 1.56 1.39 0.70 0.62 0.63 0.63 0.74 0.70 0.63 0.62 0.62 0.69 1.86 0.74 0.74 0.71 0.71 0.89 0.83 0.91 0.96 0.94 0.94 1.11 0.93 0.93 1.02 1.00 0.97 1.00 0.87 0.81 0.69 0.62 0.62 1.86 1.86 2.50 2.50 2.50 2.50 2.50 2.50 2.50 2.50 1.86 1.86 1.28 0.62 0.63 0.79 0.70 0.62 0.62 
0.65 0.65 0.65 0.56 0.57 0.58 0.58 0.65 0.56 0.65 0.65 0.57 0.65 0.71 0.65 0.57 0.58 0.58 0.65 0.58 0.71 0.71 0.66 0.66 0.86 0.88 0.85 0.93 0.90 0.90 0.86 0.88 0.88 0.94 0.97 1.00 1.02 0.89 0.86 1.75 2.22 2.22 2.22 2.22 3.57 3.57 3.57 3.57 3.57 3.57 3.57 3.57 2.22 2.22 1.36 2.22 1.75 0.84 0.71 0.65 0.71 
0.69 0.69 0.69 0.62 0.63 0.62 0.62 0.69 0.62 0.70 0.70 0.63 0.69 0.74 0.70 0.63 0.62 0.62 0.69 0.62 0.74 0.74 0.71 0.71 0.89 0.89 0.89 0.96 0.93 0.93 0.89 0.91 0.91 0.97 1.00 1.02 1.00 0.92 0.87 1.56 1.86 1.86 1.86 1.86 2.50 2.50 2.50 2.50 2.50 2.50 2.50 2.50 1.86 1.86 1.28 1.86 0.69 0.85 0.76 0.70 0.70 
0.81 0.77 0.77 0.82 0.81 0.76 0.76 0.77 0.82 0.87 0.85 0.77 0.81 0.79 0.79 0.81 0.76 0.76 0.81 0.76 0.79 0.79 0.87 0.87 0.96 1.00 1.00 0.92 0.95 0.95 0.94 1.00 1.00 0.92 0.87 0.89 0.92 1.00 0.96 0.81 1.36 0.76 1.36 1.36 1.52 1.52 1.52 1.52 1.52 1.52 1.52 1.52 0.76 0.76 0.84 1.36 0.77 0.92 0.84 0.79 0.79 
0.84 0.81 0.81 0.83 0.81 0.80 1.27 0.84 0.83 0.89 0.86 0.81 0.81 0.83 0.86 0.84 0.80 0.80 1.19 0.80 0.83 0.83 0.93 0.93 1.00 0.97 0.96 0.86 0.91 0.91 1.00 0.94 0.94 0.86 0.81 0.86 0.87 0.96 1.00 0.84 1.27 1.27 0.80 0.80 1.39 1.39 1.39 1.39 1.39 1.39 1.39 1.39 0.80 0.80 0.86 1.27 1.19 0.97 0.86 0.86 0.88 
1.00 1.00 1.00 0.97 1.00 0.97 0.97 1.00 0.97 0.93 0.97 1.00 1.00 0.97 0.97 1.00 0.97 0.97 1.00 0.97 0.97 0.97 0.89 0.89 0.81 0.77 0.77 0.68 0.77 0.77 0.84 0.81 0.81 0.73 0.69 1.75 1.56 0.81 0.84 1.00 1.03 0.97 0.97 0.97 1.06 1.06 1.06 1.06 1.06 1.06 1.06 1.06 1.03 1.03 0.94 1.03 1.00 0.85 0.93 0.97 0.97 
0.97 0.97 0.97 0.94 0.97 1.00 1.00 0.97 0.94 0.90 0.94 0.97 0.97 0.94 0.94 0.97 1.00 1.00 0.97 1.00 0.94 0.94 0.87 0.87 0.80 0.76 0.76 0.67 0.71 0.71 0.80 0.76 0.76 0.67 0.62 2.22 1.86 1.36 1.27 1.03 1.00 1.00 1.00 1.00 1.03 1.03 1.03 1.03 1.03 1.03 1.03 1.03 1.00 1.00 0.90 1.00 0.97 0.83 0.90 0.94 0.94 
1.03 0.97 0.97 0.94 0.97 1.00 1.00 0.97 0.94 0.90 0.94 0.97 0.97 0.94 0.94 0.97 1.00 1.00 0.97 1.00 0.94 0.94 0.87 0.87 0.80 1.36 0.76 0.67 0.71 0.71 0.80 0.76 0.76 0.67 0.62 2.22 1.86 0.76 1.27 0.97 1.00 1.00 1.00 1.00 1.03 1.03 1.03 1.03 1.03 1.03 1.03 1.03 1.00 1.00 0.90 1.00 1.03 1.20 0.90 1.06 1.06 
0.97 0.97 0.97 0.94 0.97 1.00 1.00 0.97 0.94 0.90 0.94 0.97 0.97 0.94 0.94 0.97 1.00 1.00 0.97 1.00 0.94 0.94 0.87 0.87 0.80 0.76 0.76 0.67 0.71 0.71 1.27 1.36 1.36 1.63 1.86 2.22 1.86 1.36 0.80 0.97 1.00 1.00 1.00 1.00 1.03 1.03 1.03 1.03 1.03 1.03 1.03 1.03 1.00 1.00 0.90 1.00 0.97 0.83 0.90 0.94 0.94 
0.97 0.97 0.97 0.94 0.97 1.00 1.00 0.97 0.94 0.90 0.94 0.97 0.97 0.94 0.94 0.97 1.00 1.00 0.97 1.00 0.94 0.94 0.87 0.87 0.80 0.76 0.76 0.67 0.71 0.71 1.27 1.36 1.36 1.63 1.86 2.22 1.86 1.36 0.80 0.97 1.00 1.00 1.00 1.00 1.03 1.03 1.03 1.03 1.03 1.03 1.03 1.03 1.00 1.00 0.90 1.00 0.97 0.83 0.90 0.94 0.94 
1.06 1.06 1.06 1.10 1.06 1.03 1.03 1.06 1.10 1.15 1.10 1.06 1.06 1.10 1.10 1.06 1.03 1.03 1.06 1.03 1.10 1.10 1.21 1.21 1.39 1.52 1.52 2.00 1.71 1.71 1.39 1.52 1.52 2.00 2.50 3.57 2.50 1.52 1.39 1.06 1.03 1.03 1.03 1.03 1.00 1.00 1.00 1.00 1.00 1.00 1.00 1.00 1.03 1.03 1.15 1.03 1.06 1.29 1.15 1.10 1.10 
1.06 1.06 1.06 1.10 1.06 1.03 1.03 1.06 1.10 1.15 1.10 1.06 1.06 1.10 1.10 1.06 1.03 1.03 1.06 1.03 1.10 1.10 1.21 1.21 1.39 1.52 1.52 2.00 1.71 1.71 1.39 1.52 1.52 2.00 2.50 3.57 2.50 1.52 1.39 1.06 1.03 1.03 1.03 1.03 1.00 1.00 1.00 1.00 1.00 1.00 1.00 1.00 1.03 1.03 1.15 1.03 1.06 1.29 1.15 1.10 1.10 
1.06 1.06 1.06 1.10 1.06 1.03 1.03 1.06 1.10 1.15 1.10 1.06 1.06 1.10 1.10 1.06 1.03 1.03 1.06 1.03 1.10 1.10 1.21 1.21 1.39 1.52 1.52 2.00 1.71 1.71 1.39 1.52 1.52 2.00 2.50 3.57 2.50 1.52 1.39 1.06 1.03 1.03 1.03 1.03 1.00 1.00 1.00 1.00 1.00 1.00 1.00 1.00 1.03 1.03 1.15 1.03 1.06 1.29 1.15 1.10 1.10 
1.06 1.06 1.06 1.10 1.06 1.03 1.03 1.06 1.10 1.15 1.10 1.06 1.06 1.10 1.10 1.06 1.03 1.03 1.06 1.03 1.10 1.10 1.21 1.21 1.39 1.52 1.52 2.00 1.71 1.71 1.39 1.52 1.52 2.00 2.50 3.57 2.50 1.52 1.39 1.06 1.03 1.03 1.03 1.03 1.00 1.00 1.00 1.00 1.00 1.00 1.00 1.00 1.03 1.03 1.15 1.03 1.06 1.29 1.15 1.10 1.10 
1.06 1.06 1.06 1.10 1.06 1.03 1.03 1.06 1.10 1.15 1.10 1.06 1.06 1.10 1.10 1.06 1.03 1.03 1.06 1.03 1.10 1.10 1.21 1.21 1.39 1.52 1.52 2.00 1.71 1.71 1.39 1.52 1.52 2.00 2.50 3.57 2.50 1.52 1.39 1.06 1.03 1.03 1.03 1.03 1.00 1.00 1.00 1.00 1.00 1.00 1.00 1.00 1.03 1.03 1.15 1.03 1.06 1.29 1.15 1.10 1.10 
1.06 1.06 1.06 1.10 1.06 1.03 1.03 1.06 1.10 1.15 1.10 1.06 1.06 1.10 1.10 1.06 1.03 1.03 1.06 1.03 1.10 1.10 1.21 1.21 1.39 1.52 1.52 2.00 1.71 1.71 1.39 1.52 1.52 2.00 2.50 3.57 2.50 1.52 1.39 1.06 1.03 1.03 1.03 1.03 1.00 1.00 1.00 1.00 1.00 1.00 1.00 1.00 1.03 1.03 1.15 1.03 1.06 1.29 1.15 1.10 1.10 
1.06 1.06 1.06 1.10 1.06 1.03 1.03 1.06 1.10 1.15 1.10 1.06 1.06 1.10 1.10 1.06 1.03 1.03 1.06 1.03 1.10 1.10 1.21 1.21 1.39 1.52 1.52 2.00 1.71 1.71 1.39 1.52 1.52 2.00 2.50 3.57 2.50 1.52 1.39 1.06 1.03 1.03 1.03 1.03 1.00 1.00 1.00 1.00 1.00 1.00 1.00 1.00 1.03 1.03 1.15 1.03 1.06 1.29 1.15 1.10 1.10 
1.06 1.06 1.06 1.10 1.06 1.03 1.03 1.06 1.10 1.15 1.10 1.06 1.06 1.10 1.10 1.06 1.03 1.03 1.06 1.03 1.10 1.10 1.21 1.21 1.39 1.52 1.52 2.00 1.71 1.71 1.39 1.52 1.52 2.00 2.50 3.57 2.50 1.52 1.39 1.06 1.03 1.03 1.03 1.03 1.00 1.00 1.00 1.00 1.00 1.00 1.00 1.00 1.03 1.03 1.15 1.03 1.06 1.29 1.15 1.10 1.10 
0.97 1.03 1.03 0.94 0.97 1.00 1.00 1.03 0.94 0.90 0.94 0.97 0.97 0.94 0.94 0.97 1.00 1.00 0.97 1.00 0.94 0.94 0.87 0.87 0.80 0.76 0.76 0.67 1.47 1.47 1.27 1.36 1.36 1.63 1.86 2.22 1.86 0.76 0.80 1.03 1.00 1.00 1.00 1.00 1.03 1.03 1.03 1.03 1.03 1.03 1.03 1.03 1.00 1.00 1.10 1.00 0.97 0.83 0.90 0.94 0.94 
0.97 1.03 1.03 0.94 0.97 1.00 1.00 1.03 0.94 0.90 0.94 0.97 0.97 0.94 0.94 0.97 1.00 1.00 0.97 1.00 0.94 0.94 0.87 0.87 0.80 0.76 0.76 0.67 1.47 1.47 1.27 1.36 1.36 1.63 1.86 2.22 1.86 0.76 0.80 1.03 1.00 1.00 1.00 1.00 1.03 1.03 1.03 1.03 1.03 1.03 1.03 1.03 1.00 1.00 1.10 1.00 0.97 0.83 0.90 0.94 0.94 
0.93 0.94 0.94 0.96 0.93 0.90 0.90 0.94 0.96 1.00 0.96 0.93 0.93 0.97 0.96 0.93 0.90 0.90 0.93 0.90 0.97 0.97 0.96 0.96 0.92 0.84 0.89 0.83 1.17 1.17 0.92 1.12 1.12 1.22 1.28 1.36 1.28 0.84 0.86 0.94 0.90 0.90 0.90 0.90 1.15 1.15 1.15 1.15 1.15 1.15 1.15 1.15 1.10 1.10 1.00 0.90 0.93 0.93 1.00 0.96 0.96 
0.97 0.97 0.97 0.94 0.97 1.00 1.00 0.97 0.94 0.90 0.94 0.97 0.97 0.94 0.94 0.97 1.00 1.00 0.97 1.00 0.94 0.94 0.87 0.87 0.80 0.76 0.76 0.67 0.71 0.71 0.80 0.76 0.76 0.67 0.62 2.22 1.86 1.36 1.27 1.03 1.00 1.00 1.00 1.00 1.03 1.03 1.03 1.03 1.03 1.03 1.03 1.03 1.00 1.00 0.90 1.00 0.97 0.83 0.90 0.94 0.94 
1.00 1.00 1.00 0.97 1.00 0.97 0.97 1.00 0.97 0.93 0.97 1.00 1.00 0.97 0.97 1.00 0.97 0.97 1.00 0.97 0.97 0.97 0.89 0.89 0.81 1.25 0.77 0.68 0.72 0.72 0.81 0.77 0.77 0.68 0.63 1.75 0.69 0.77 1.19 1.00 0.97 1.03 0.97 0.97 1.06 1.06 1.06 1.06 1.06 1.06 1.06 1.06 0.97 0.97 0.93 0.97 1.00 1.14 0.93 0.97 1.03 
0.88 0.85 0.85 0.88 0.85 0.83 0.83 0.85 0.88 0.93 0.90 0.85 0.85 0.90 0.90 0.88 0.83 0.83 1.14 0.83 0.90 0.90 0.97 0.97 0.97 1.05 0.93 0.86 0.90 0.90 0.96 0.90 0.90 0.83 0.79 0.84 0.85 0.92 0.97 0.85 0.83 1.20 0.83 0.83 1.29 1.29 1.29 1.29 1.29 1.29 1.29 1.29 0.83 0.83 0.93 0.83 1.14 1.00 0.94 0.90 0.91 
0.93 0.93 0.93 0.96 0.93 0.90 0.90 0.93 0.96 1.00 0.97 1.06 0.94 0.97 0.97 0.93 1.10 1.10 0.93 0.90 0.97 0.97 0.97 0.97 0.89 1.12 0.87 0.83 0.83 0.83 0.89 0.84 0.84 0.75 0.70 0.71 0.76 0.84 0.86 0.93 0.90 0.90 0.90 0.90 1.15 1.15 1.15 1.15 1.15 1.15 1.15 1.15 0.90 0.90 1.00 0.90 0.93 0.94 1.00 0.97 0.97 
0.97 0.97 0.97 1.00 0.97 0.94 0.94 0.97 1.00 0.97 1.00 1.03 0.97 1.00 1.00 0.97 1.06 1.06 0.97 0.94 1.00 1.00 0.94 0.94 0.83 1.18 0.82 0.78 0.78 0.78 0.83 0.79 0.79 0.68 0.62 0.65 0.70 0.79 0.86 0.97 0.94 1.06 0.94 0.94 1.10 1.10 1.10 1.10 1.10 1.10 1.10 1.10 0.94 0.94 0.96 0.94 0.97 0.90 0.97 1.00 1.00 
0.97 0.97 0.97 1.00 0.97 0.94 0.94 0.97 1.00 0.96 1.00 0.97 0.97 1.00 1.00 0.97 0.94 0.94 0.97 0.94 1.00 1.00 0.93 0.93 0.83 1.18 0.79 0.74 0.74 0.74 0.83 0.79 0.79 0.68 0.62 0.71 0.70 0.79 0.88 0.97 0.94 1.06 0.94 0.94 1.10 1.10 1.10 1.10 1.10 1.10 1.10 1.10 0.94 0.94 0.96 0.94 1.03 0.91 0.97 1.00 1.00 
